AcKc9d	58.708	12.549	65.969	34.031	
AcKcQd	58.628	12.375	63.929	36.071	
AcKdKc	58.425	13.731	79.373	20.627	
AcKc5d	58.425	13.025	76.856	23.144	
AhKdQc	58.348	12.237	52.914	47.086	
AhKd9c	58.343	12.409	53.852	46.148	
AdKcQc	58.270	12.146	58.178	41.822	
AcKd9c	58.242	12.285	58.306	41.694	
AcKc8d	58.219	12.665	70.104	29.896	
AdKc9c	58.217	12.163	55.731	44.269	
AcKdQc	58.205	12.231	59.408	40.592	
AcKc6d	58.173	12.924	74.655	25.345	
AcKcTd	58.150	11.970	55.765	44.235	
AcKc7d	58.120	12.700	70.853	29.147	
AdKc5c	58.058	12.676	69.247	30.753	
AcKd6c	58.019	12.781	70.574	29.426	
AcKd5c	57.993	12.728	69.146	30.854	
AhKd5c	57.955	12.871	65.195	34.805	
AdKcTc	57.938	11.846	49.182	50.818	
AhQdQc	57.913	12.421	62.537	37.463	
AhKdTc	57.905	11.874	43.901	56.099	
AcKc4d	57.866	12.932	76.126	23.874	
AcKd8c	57.852	12.427	63.617	36.383	
AcKd7c	57.840	12.516	65.729	34.271	
AdKc8c	57.826	12.304	60.635	39.365	
AcKdTc	57.817	11.893	50.548	49.452	
AhKd8c	57.778	12.531	59.592	40.408	
AdKc6c	57.714	12.495	65.653	34.347	
AhKd6c	57.690	12.774	64.064	35.936	
AdKc7c	57.673	12.312	61.955	38.045	
AcKd4c	57.668	12.734	71.552	28.448	
AhKd7c	57.663	12.560	60.120	39.880	
AdAcKc	57.620	12.853	71.135	28.865	
AhKdKc	57.597	13.303	70.497	29.503	
AcKcJd	57.593	11.607	47.817	52.183	
AcQdQc	57.588	12.039	60.353	39.647	
AdKc4c	57.386	12.470	66.799	33.201	
AhKd4c	57.368	12.755	66.736	33.264	
AcKc3d	57.313	12.738	72.956	27.044	
AdKcJc	57.309	11.461	41.564	58.436	
AhKdJc	57.292	11.467	35.488	64.512	
AcKd3c	57.156	12.551	68.469	31.531	
AcKc2d	57.102	12.623	70.923	29.077	
AcKdJc	57.088	11.464	42.215	57.785	
AdJcTc	56.997	11.113	34.722	65.278	
AdQcJc	56.937	10.929	20.003	79.997	
AdQc5c	56.927	11.234	44.049	55.951	
AcKd2c	56.885	12.429	64.885	35.115	
AdKc3c	56.839	12.259	62.958	37.042	
AdQc9c	56.813	10.954	37.169	62.831	
AhKd3c	56.804	12.544	63.112	36.888	
AdAhKc	56.779	12.453	60.805	39.195	
AdKc2c	56.743	12.225	60.657	39.343	
AhQd5c	56.733	11.094	41.208	58.792	
AdQc8c	56.708	10.848	38.049	61.951	
AhJdTc	56.666	10.862	25.986	74.014	
AcQd6c	56.617	11.170	45.188	54.812	
AcQd5c	56.610	11.007	42.433	57.567	
AhKd2c	56.603	12.441	59.708	40.292	
AhQd8c	56.590	10.744	34.193	65.807	
AdQc6c	56.588	11.167	42.981	57.019	
AhQdJc	56.573	10.636	14.032	85.968	
AcJdTc	56.531	10.853	30.692	69.308	
AcQd8c	56.530	10.718	37.828	62.172	
AdQc7c	56.502	10.912	37.229	62.771	
AcQc5d	56.501	10.898	43.382	56.618	
AhQd9c	56.490	10.768	33.232	66.768	
AdQcTc	56.473	10.632	17.032	82.968	
AcQd7c	56.457	10.859	38.156	61.844	
AhQd7c	56.376	10.832	35.498	64.502	
AcQd9c	56.372	10.685	33.031	66.969	
AdQc4c	56.367	11.193	45.031	54.969	
AhQd6c	56.364	11.098	42.344	57.656	
AcQd4c	56.347	11.157	46.201	53.799	
AcJcTd	56.331	10.755	29.237	70.763	
AcQc8d	56.321	10.565	39.622	60.378	
Ac9d9c	56.308	12.034	60.290	39.710	
Ah9d9c	56.295	12.247	67.411	32.589	
AdAhQc	56.292	11.464	51.267	48.733	
KhJdJc	56.282	12.035	80.342	19.658	
AcQcJd	56.280	10.524	15.903	84.097	
AcQdJc	56.236	10.545	15.671	84.329	
AcQc9d	56.232	10.580	34.991	65.009	
AhJdJc	56.219	11.746	53.399	46.601	
AhQdTc	56.215	10.396	11.045	88.955	
AcQc6d	56.173	10.886	42.815	57.185	
AcQc7d	56.144	10.633	37.815	62.185	
AhQd4c	56.138	11.129	46.125	53.875	
KcJdJc	56.130	11.576	72.477	27.523	
AcKc6c	56.113	11.796	65.255	34.745	
Kh9d9c	56.106	13.266	94.832	5.168	
AcQdTc	56.090	10.408	14.499	85.501	
AcKc5c	56.080	11.723	64.956	35.044	
Kc9d9c	56.054	12.785	96.142	3.858	
AdAcQc	56.040	11.093	49.494	50.506	
AcQcTd	55.967	10.309	12.936	87.064	
AcQc4d	55.956	10.919	44.779	55.221	
Ac8d8c	55.950	12.047	61.934	38.066	
AcKc8c	55.929	11.464	59.878	40.122	
AcKc7c	55.917	11.564	61.910	38.090	
AcQd3c	55.913	11.034	44.241	55.759	
AdQc3c	55.885	11.036	42.378	57.622	
AcKc9c	55.877	11.148	53.725	46.275	
Kc7d7c	55.848	12.998	97.613	2.387	
KcTdTc	55.845	11.693	74.889	25.111	
KhTdTc	55.808	11.948	79.016	20.984	
AcKc4c	55.788	11.682	63.116	36.884	
AdQc2c	55.773	10.997	40.225	59.775	
Kc8d8c	55.763	12.899	94.020	5.980	
Kh7d7c	55.761	13.506	98.142	1.858	
Ah8d8c	55.747	12.148	68.651	31.349	
AcJdJc	55.727	11.272	51.663	48.337	
KdQcTc	55.695	10.702	26.515	73.485	
Ac7d7c	55.690	12.076	61.506	38.494	
AhQd3c	55.652	10.982	43.155	56.845	
AcQd2c	55.632	10.903	40.675	59.325	
Kh8d8c	55.613	13.333	96.652	3.348	
AcKcTc	55.600	11.068	61.658	38.342	
AcKcQc	55.597	10.992	56.321	43.679	
Kc6d6c	55.563	13.048	93.112	6.888	
AhTdTc	55.548	11.529	55.606	44.394	
Kh6d6c	55.520	13.599	97.856	2.144	
AcQc3d	55.484	10.783	43.250	56.750	
AhQd2c	55.441	10.883	39.714	60.286	
Ac5d5c	55.436	11.938	62.504	37.496	
KdQcJc	55.422	10.542	21.768	78.232	
QdJcTc	55.404	10.596	23.196	76.804	
AcTdTc	55.403	11.291	56.346	43.654	
AcKc3c	55.401	11.535	61.739	38.261	
KcQdTc	55.401	10.472	22.242	77.758	
QcJcTd	55.396	10.594	23.463	76.537	
KhQdQc	55.375	12.219	85.294	14.706	
KcQdQc	55.370	11.782	78.713	21.287	
Kc5d5c	55.370	12.725	91.129	8.871	
KdJcTc	55.353	10.195	19.648	80.352	
Kc4d4c	55.349	13.183	94.623	5.377	
Kh4d4c	55.328	13.721	96.530	3.470	
KhQdTc	55.316	10.470	21.547	78.453	
Ah7d7c	55.306	12.022	64.445	35.555	
Ah5d5c	55.280	12.118	67.877	32.123	
QcJdTc	55.267	10.519	22.616	77.384	
AcQc2d	55.264	10.676	40.405	59.595	
QcJcTc	55.259	11.058	46.752	53.248	
KcQcTd	55.250	10.378	20.470	79.530	
AcKc2c	55.237	11.459	60.356	39.644	
Kh5d5c	55.154	13.049	91.730	8.270	
QhJdTc	55.144	10.503	21.406	78.594	
KdJc5c	55.007	11.023	70.332	29.668	
KdJc6c	54.972	10.849	65.279	34.721	
KcJdTc	54.930	9.881	14.420	85.580	
KcQdJc	54.928	10.215	16.223	83.777	
Ac6d6c	54.921	11.979	61.119	38.881	
KhJdTc	54.917	9.873	17.201	82.799	
KdJc4c	54.900	10.998	68.233	31.767	
KhQdJc	54.883	10.228	16.274	83.726	
KdQc6c	54.876	11.426	72.961	27.039	
KcJcTd	54.849	9.845	13.364	86.636	
Kc3d3c	54.836	13.250	91.526	8.474	
AdJc5c	54.832	10.689	43.343	56.657	
KdQc5c	54.830	11.600	76.797	23.203	
KcQcJd	54.825	10.149	15.718	84.282	
Kh3d3c	54.812	13.836	92.934	7.066	
AdJc9c	54.805	10.327	39.049	60.951	
AcKcJc	54.760	10.547	50.543	49.457	
KcJd5c	54.739	10.754	67.970	32.030	
KdJc7c	54.732	10.536	62.049	37.951	
KcJc6d	54.731	10.569	62.516	37.484	
KhJd6c	54.726	10.821	68.172	31.828	
KdQc4c	54.714	11.544	75.778	24.222	
KdJc8c	54.714	10.534	59.609	40.391	
KcJc5d	54.708	10.671	67.295	32.705	
KdQc8c	54.695	11.123	65.592	34.408	
AcQc6c	54.692	10.635	42.739	57.261	
KcJc4d	54.683	10.727	66.556	33.444	
KhJd5c	54.679	10.917	70.884	29.116	
KhJd4c	54.669	11.009	71.942	28.058	
KdQc7c	54.668	11.142	66.716	33.284	
KcQc6d	54.660	11.114	66.802	33.198	
KdTc5c	54.659	11.234	76.928	23.072	
KdTc6c	54.658	11.081	77.390	22.610	
KhQd6c	54.648	11.499	77.462	22.538	
AcJcTc	54.642	10.555	46.771	53.229	
KcJd6c	54.628	10.555	60.856	39.144	
KcQd5c	54.622	11.368	73.780	26.220	
AdJc8c	54.598	10.247	39.299	60.701	
KcQd6c	54.588	11.176	68.542	31.458	
KcTc6d	54.580	10.949	77.099	22.901	
KdTc4c	54.578	11.194	75.166	24.834	
KcQc5d	54.568	11.205	71.020	28.980	
KcJd4c	54.542	10.691	64.432	35.568	
AdTc8c	54.537	10.541	52.191	47.809	
KcTc5d	54.530	11.028	76.998	23.002	
KcTc4d	54.526	11.075	75.637	24.363	
KhQd5c	54.526	11.577	78.746	21.254	
KcQc4d	54.525	11.228	71.276	28.724	
KhJd7c	54.525	10.468	63.702	36.298	
Ac4d4c	54.512	11.970	63.181	36.819	
AcQc9c	54.511	10.266	32.465	67.535	
KcJc7d	54.511	10.272	59.285	40.715	
AcJd5c	54.508	10.419	41.970	58.030	
KcQd8c	54.504	10.923	62.049	37.951	
AhJd5c	54.503	10.472	41.858	58.142	
KhQd4c	54.497	11.649	80.432	19.568	
KhQd7c	54.479	11.187	72.117	27.883	
KcQc7d	54.471	10.852	61.028	38.972	
KhQd8c	54.467	11.134	70.032	29.968	
KdTc8c	54.466	10.950	74.090	25.910	
KdJc3c	54.466	10.860	65.000	35.000	
KcTd5c	54.466	11.017	75.903	24.097	
KhTd6c	54.463	11.140	80.831	19.169	
AcQc5c	54.463	10.400	37.107	62.893	
AcQc4c	54.462	10.581	42.084	57.916	
KcQc8d	54.455	10.829	59.837	40.163	
AdJc6c	54.450	10.597	41.663	58.337	
AcJd6c	54.449	10.557	43.950	56.050	
KcQd7c	54.446	10.925	62.781	37.219	
KcJd7c	54.443	10.269	57.531	42.469	
KcJd8c	54.433	10.274	55.391	44.609	
KhJd8c	54.432	10.433	61.010	38.990	
AhJd9c	54.431	10.088	34.436	65.564	
KcJc8d	54.426	10.251	56.096	43.904	
AdJc7c	54.416	10.321	43.514	56.486	
KcQd4c	54.414	11.280	71.945	28.055	
KhTd4c	54.394	11.308	80.590	19.410	
KdTc7c	54.389	10.758	72.001	27.999	
AcJd9c	54.386	10.032	36.657	63.343	
KhTd5c	54.380	11.223	79.074	20.926	
KcTd6c	54.380	10.821	74.258	25.742	
AdTc5c	54.369	10.675	50.899	49.101	
Kh9d6c	54.367	11.722	96.140	3.860	
AcJd8c	54.360	10.055	38.725	61.275	
AcQc7c	54.349	10.288	35.830	64.170	
Ah6d6c	54.336	11.801	61.884	38.116	
Ad9c5c	54.331	10.596	43.872	56.128	
KcTc7d	54.331	10.638	72.492	27.508	
AcJd7c	54.330	10.224	44.030	55.970	
AdJc4c	54.328	10.646	43.234	56.766	
AcQc8c	54.327	10.147	33.723	66.277	
Kd9c6c	54.312	11.274	83.491	16.509	
Ac9d6c	54.311	10.718	47.369	52.631	
AhJd8c	54.307	10.042	35.779	64.221	
KcTd4c	54.289	10.932	72.513	27.487	
AcJd4c	54.283	10.572	45.176	54.824	
Ac9d5c	54.281	10.524	44.975	55.025	
Kc9c6d	54.279	11.197	85.013	14.987	
AcQcJc	54.279	10.232	33.752	66.248	
Kc6d5c	54.278	11.816	90.432	9.568	
KdQc3c	54.273	11.386	73.854	26.146	
Kc9d6c	54.268	11.210	84.297	15.703	
KcJc3d	54.266	10.611	63.442	36.558	
Kc9d5c	54.260	11.429	85.905	14.095	
AcTd8c	54.251	10.338	50.753	49.247	
KdKcJc	54.244	10.839	61.993	38.007	
Ac9c5d	54.244	10.487	45.004	54.996	
KhJd3c	54.242	10.898	70.029	29.971	
KcTc8d	54.241	10.750	73.812	26.188	
AdTc9c	54.236	10.116	42.290	57.710	
Ah9d5c	54.236	10.623	51.604	48.396	
KhTd7c	54.229	10.790	75.622	24.378	
AcJc5d	54.229	10.228	40.885	59.115	
KdKcQc	54.220	11.513	71.655	28.345	
Kh9d4c	54.215	11.897	90.560	9.440	
Kc5c4d	54.215	12.005	90.268	9.732	
Kd9c5c	54.214	11.439	84.646	15.354	
Kc8c6d	54.206	11.520	88.716	11.284	
KdKhJc	54.199	11.154	67.827	32.173	
Ac9d7c	54.193	10.484	44.934	55.066	
Kh9d5c	54.183	11.808	91.729	8.271	
KcTd7c	54.170	10.535	68.639	31.361	
Kd6c5c	54.165	11.732	88.218	11.782	
Kd9c4c	54.164	11.421	79.794	20.206	
AhTd8c	54.163	10.344	45.979	54.021	
Kc9c4d	54.158	11.360	80.624	19.376	
AhJd7c	54.157	10.161	38.577	61.423	
Kd8c6c	54.154	11.541	86.252	13.748	
KcTd8c	54.150	10.668	70.702	29.298	
Kd9c7c	54.149	11.074	83.012	16.988	
KdTc3c	54.148	11.043	71.312	28.688	
Kh6d5c	54.146	12.322	99.808	0.192	
Kh8d6c	54.138	12.052	99.111	0.889	
AcQc3c	54.133	10.473	40.113	59.887	
Kc9c5d	54.133	11.304	84.622	15.378	
Kh9d7c	54.131	11.413	90.956	9.044	
AdAhJc	54.128	10.730	44.981	55.019	
Kc6c5d	54.128	11.690	89.250	10.750	
AcTc8d	54.124	10.270	50.971	49.029	
Ac8d6c	54.122	10.893	53.351	46.649	
AcJc9d	54.121	9.878	35.342	64.658	
KcJd3c	54.112	10.559	61.259	38.741	
KhTd8c	54.111	10.900	76.125	23.875	
AcTd5c	54.110	10.452	49.876	50.124	
KcTc3d	54.109	10.946	71.987	28.013	
Ad9c7c	54.107	10.439	41.097	58.903	
Kc9d4c	54.105	11.351	80.337	19.663	
Kc7d5c	54.104	11.673	88.257	11.743	
Ac6c5d	54.099	11.124	56.238	43.762	
Kc8d5c	54.098	11.549	86.249	13.751	
KcQc3d	54.097	11.099	69.105	30.895	
Kc8d6c	54.096	11.470	87.472	12.528	
Kc8c4d	54.096	11.605	84.648	15.352	
Ac8c5d	54.096	10.657	49.786	50.214	
AcTd6c	54.089	10.610	54.694	45.306	
AhJd6c	54.087	10.441	41.356	58.644	
Kd5c4c	54.083	11.889	88.927	11.073	
KcQcTc	54.082	10.267	29.668	70.332	
Kc9d7c	54.081	10.990	83.413	16.587	
Kh6d4c	54.076	12.566	98.117	1.883	
Kh5d4c	54.072	12.511	98.201	1.799	
Kc8c5d	54.070	11.480	86.148	13.852	
Kd7c5c	54.062	11.690	88.291	11.709	
Kc6c4d	54.060	11.902	89.587	10.413	
Ad8c5c	54.059	10.677	47.346	52.654	
KhQd3c	54.056	11.518	78.630	21.370	
Ac9d4c	54.054	10.716	46.302	53.698	
Ad9c6c	54.049	10.555	42.639	57.361	
KdKhQc	54.046	11.838	79.174	20.826	
Kc9c7d	54.045	10.964	82.810	17.190	
Kc5d4c	54.043	11.846	89.004	10.996	
AdTc6c	54.042	10.594	53.097	46.903	
AcTc5d	54.042	10.409	50.948	49.052	
Kd6c4c	54.041	11.924	89.171	10.829	
Ac8d5c	54.041	10.624	49.162	50.838	
AhTd5c	54.038	10.494	47.584	52.416	
Kc6d4c	54.030	11.876	89.607	10.393	
KdJc2c	54.023	10.782	62.818	37.182	
AhTd9c	54.021	9.959	40.307	59.693	
Kd8c5c	54.019	11.550	84.412	15.588	
KcJcTc	54.019	10.097	25.089	74.911	
AcJc8d	54.018	9.842	36.782	63.218	
Ac3d3c	54.018	11.937	62.230	37.770	
AcQcTc	54.017	10.062	30.042	69.958	
Kh7d6c	54.006	11.811	99.310	0.690	
Kh8d4c	54.006	12.145	96.232	3.768	
Kc7c6d	54.005	11.265	85.700	14.300	
KdJc9c	54.002	10.071	43.429	56.571	
Kc7c5d	54.001	11.572	87.194	12.806	
Kc7c4d	54.000	11.554	85.933	14.067	
AcTd9c	54.000	9.938	41.261	58.739	
Kh7d4c	53.983	12.148	96.103	3.897	
Ac9c7d	53.979	10.340	42.816	57.184	
KcQd3c	53.976	11.126	69.788	30.212	
Kh8d5c	53.974	12.016	97.544	2.456	
Kd8c4c	53.974	11.592	83.081	16.919	
Ah9d7c	53.973	10.463	48.096	51.904	
AhJd4c	53.970	10.493	44.424	55.576	
KhTd3c	53.967	11.171	77.740	22.260	
Kc7d6c	53.967	11.241	86.630	13.370	
Kc9d8c	53.966	10.775	78.685	21.315	
KdTc9c	53.966	10.231	51.828	48.172	
Ah4d4c	53.965	11.822	63.337	36.663	
AdTc7c	53.963	10.302	49.316	50.684	
Kh7d5c	53.963	12.176	99.409	0.591	
Ac9c6d	53.962	10.500	44.346	55.654	
AcQc2c	53.960	10.400	38.983	61.017	
AcTc9d	53.953	9.930	42.400	57.600	
Ac7c5d	53.951	10.867	53.058	46.942	
Kh9d8c	53.948	11.114	86.442	13.558	
Kc8d4c	53.942	11.531	83.998	16.002	
Ah8d5c	53.942	10.739	59.346	40.654	
Ac9d8c	53.938	10.109	42.154	57.846	
AcTd7c	53.927	10.251	50.063	49.937	
Kd7c6c	53.925	11.215	83.465	16.535	
Ah9d6c	53.924	10.636	53.729	46.271	
Kc7d4c	53.920	11.506	85.500	14.500	
Kd7c4c	53.913	11.556	84.296	15.704	
AdJc3c	53.908	10.490	41.435	58.565	
AcJd3c	53.905	10.445	43.826	56.174	
AcTd4c	53.903	10.619	51.768	48.232	
AdTc4c	53.893	10.641	50.051	49.949	
Kd9c8c	53.891	10.756	77.845	22.155	
AcJc7d	53.885	9.926	42.100	57.900	
Ad8c6c	53.883	10.728	48.019	51.981	
KdQc9c	53.880	10.711	56.048	43.952	
KcQcJc	53.878	10.179	30.057	69.943	
Ad9c8c	53.874	10.082	39.547	60.453	
Ac8c6d	53.873	10.745	51.150	48.850	
Kc9c8d	53.861	10.722	78.899	21.101	
KcTd3c	53.861	10.784	68.725	31.275	
Ad7c5c	53.860	10.817	49.691	50.309	
AcJc6d	53.858	10.195	39.864	60.136	
Ac8d4c	53.856	10.821	52.048	47.952	
Ah9d8c	53.847	10.099	42.410	57.590	
Kh9d3c	53.838	11.783	88.338	11.662	
Ad6c5c	53.835	10.941	50.971	49.029	
Ad9c4c	53.834	10.590	42.174	57.826	
Ac9c8d	53.829	10.039	41.144	58.856	
KcTc9d	53.824	10.120	51.862	48.138	
KdQc2c	53.822	11.304	72.485	27.515	
AdJc2c	53.810	10.451	39.615	60.385	
Ac6d5c	53.801	10.925	53.399	46.601	
Ac7d5c	53.793	10.741	51.121	48.879	
Kc9c3d	53.791	11.248	78.526	21.474	
Kd9c3c	53.785	11.286	77.748	22.252	
Ac7d6c	53.767	10.778	52.099	47.901	
KcJc5c	53.763	10.410	41.458	58.542	
KhTd9c	53.761	10.157	50.668	49.332	
Kc5c3d	53.758	11.984	89.217	10.783	
Ac9c4d	53.749	10.542	43.768	56.232	
Kc8c7d	53.748	10.898	81.562	18.438	
AcJc4d	53.739	10.251	41.949	58.051	
AcTc6d	53.728	10.386	53.277	46.723	
Kc9d3c	53.724	11.210	77.779	22.221	
Ac8d7c	53.713	10.336	46.092	53.908	
Ac9d3c	53.713	10.589	45.046	54.954	
AhTd7c	53.705	10.172	45.476	54.524	
AcTc7d	53.702	10.100	49.529	50.471	
AdAcJc	53.700	10.236	40.350	59.650	
KdKcTc	53.699	10.891	65.359	34.641	
KdTc2c	53.699	10.965	69.320	30.680	
Kc8d7c	53.688	10.866	80.862	19.138	
Ah8d6c	53.688	10.817	58.954	41.046	
Ah9d4c	53.686	10.682	57.729	42.271	
AhTd6c	53.686	10.459	48.279	51.721	
Kh8d7c	53.685	11.296	93.994	6.006	
KcJc2d	53.676	10.469	60.424	39.576	
KcJd2c	53.674	10.486	59.317	40.683	
KcTd9c	53.663	9.996	49.048	50.952	
KcTc5c	53.662	10.600	52.732	47.268	
Kc8c3d	53.658	11.472	81.021	18.979	
Ac8c4d	53.653	10.718	50.201	49.799	
Kd5c3c	53.644	11.919	85.679	14.321	
Kc6c3d	53.642	11.702	85.289	14.711	
Kh6d3c	53.637	12.330	97.298	2.702	
AcJd2c	53.634	10.308	40.302	59.698	
Ah7d5c	53.632	10.851	59.788	40.212	
Ac7c6d	53.626	10.715	51.126	48.874	
Kd8c7c	53.623	10.836	78.137	21.863	
KhJd2c	53.616	10.737	66.848	33.152	
Kd6c3c	53.614	11.703	83.957	16.043	
Ad8c4c	53.613	10.669	46.747	53.253	
Ah6d5c	53.611	11.036	62.410	37.590	
Kd4c3c	53.609	11.850	85.035	14.965	
Ac8c7d	53.601	10.261	44.970	55.030	
Kc6d3c	53.600	11.641	84.688	15.312	
Ac6c4d	53.596	11.216	57.497	42.503	
Kc7c3d	53.595	11.450	83.868	16.132	
Kh5d3c	53.593	12.475	95.274	4.726	
KcJc9d	53.591	9.765	38.127	61.873	
Kc5d3c	53.579	11.788	85.274	14.726	
AcTc4d	53.578	10.443	50.076	49.924	
KcTc8c	53.575	10.364	39.948	60.052	
KcQc5c	53.566	10.664	46.040	53.960	
Ac7d4c	53.560	10.821	51.491	48.509	
Kh7d3c	53.557	12.015	92.865	7.135	
KhJd9c	53.556	9.851	40.668	59.332	
Ac6d4c	53.553	11.153	56.641	43.359	
AhJd3c	53.549	10.347	41.458	58.542	
Kh8d3c	53.542	11.990	91.253	8.747	
AhTd4c	53.532	10.526	50.672	49.328	
AcTd3c	53.529	10.487	49.837	50.163	
KcQd2c	53.528	11.048	68.125	31.875	
Kh4d3c	53.528	12.404	94.847	5.153	
Kc4c3d	53.528	11.802	85.855	14.145	
Kc4d3c	53.523	11.764	85.370	14.630	
Kd8c3c	53.521	11.434	78.139	21.861	
Kd5c2c	53.517	11.985	84.479	15.521	
KcTc2d	53.511	10.800	69.248	30.752	
Ad8c7c	53.505	10.215	41.341	58.659	
KcJd9c	53.505	9.713	37.204	62.796	
Kc7d3c	53.502	11.370	82.160	17.840	
Kc5c2d	53.499	11.988	85.814	14.186	
Kd7c3c	53.497	11.427	80.870	19.130	
KcQc2d	53.497	10.953	66.602	33.398	
KcJc6c	53.497	10.143	26.178	73.822	
Kc2d2c	53.491	12.730	85.823	14.177	
Kc8d3c	53.490	11.369	78.913	21.087	
AdTc3c	53.481	10.482	47.507	52.493	
KdKhTc	53.474	11.032	66.383	33.617	
KcJc8c	53.472	10.081	24.628	75.372	
Kc5d2c	53.464	11.857	84.033	15.967	
Ac7c4d	53.460	10.807	50.937	49.063	
Ad9c3c	53.457	10.437	40.044	59.956	
Ad7c6c	53.454	10.562	45.949	54.051	
Ah8d4c	53.447	10.781	60.986	39.014	
Ah8d7c	53.445	10.262	47.651	52.349	
Ac8d3c	53.437	10.683	47.698	52.302	
KcQc9d	53.427	10.358	50.058	49.942	
Ah3d3c	53.423	11.730	61.873	38.127	
Ac9d2c	53.422	10.429	41.204	58.796	
KhQd2c	53.417	11.348	76.109	23.891	
KcTd2c	53.416	10.710	66.778	33.222	
Ac2d2c	53.412	11.587	59.117	40.883	
KcTc6c	53.411	10.289	42.498	57.502	
KhQd9c	53.394	10.546	52.097	47.903	
KcQd9c	53.393	10.380	50.848	49.152	
KcJc4c	53.392	10.177	28.350	71.650	
AdTc2c	53.383	10.436	45.833	54.167	
KcQc8c	53.381	10.328	30.561	69.439	
KcQc6c	53.378	10.404	33.570	66.430	
Ac9c3d	53.376	10.404	42.360	57.640	
AhJd2c	53.357	10.250	38.280	61.720	
Ad9c2c	53.351	10.389	37.948	62.052	
AdAhTc	53.337	10.582	47.584	52.416	
Ad6c4c	53.337	10.976	51.824	48.176	
KcJc7c	53.336	9.996	24.844	75.156	
KhTd2c	53.332	11.004	74.232	25.768	
Kh2d2c	53.329	13.217	87.460	12.540	
Kh5d2c	53.329	12.494	95.183	4.817	
AcJc3d	53.328	10.113	40.954	59.046	
Ac5d4c	53.311	10.807	53.185	46.815	
Kd9c2c	53.308	11.192	75.969	24.031	
Ah9d3c	53.307	10.525	55.231	44.769	
KcTc4c	53.301	10.326	38.101	61.899	
Ah7d6c	53.294	10.658	54.920	45.080	
Ad7c4c	53.291	10.657	46.216	53.784	
AdAcTc	53.288	10.318	47.078	52.922	
AdAc9c	53.255	10.435	49.629	50.371	
AcTd2c	53.255	10.337	46.419	53.581	
Ac5d2c	53.252	10.873	49.225	50.775	
Kc9d2c	53.249	11.118	75.752	24.248	
KcQc7c	53.247	10.273	29.846	70.154	
KcTc7c	53.232	10.127	34.134	65.866	
KcQc4c	53.209	10.417	33.745	66.255	
AcTc8c	53.203	10.202	41.817	58.183	
Ac8c3d	53.201	10.572	45.949	54.051	
Ad5c2c	53.191	10.843	47.025	52.975	
Kc4d2c	53.189	11.742	82.614	17.386	
Kd4c2c	53.187	11.782	82.148	17.852	
Ac7d3c	53.181	10.681	48.470	51.530	
AcTc3d	53.173	10.301	48.405	51.595	
Kh9d2c	53.172	11.589	84.318	15.682	
Kc9c2d	53.169	11.088	75.912	24.088	
AdAh9c	53.169	10.597	52.278	47.722	
Ac9c2d	53.168	10.284	39.276	60.724	
Ac6c3d	53.162	11.029	52.616	47.384	
Ac8d2c	53.160	10.521	44.506	55.494	
Ad8c3c	53.160	10.511	42.883	57.117	
Ac6d3c	53.153	10.974	52.292	47.708	
Kd6c2c	53.152	11.661	81.450	18.550	
Ac8c6c	53.144	10.507	39.692	60.308	
Kc6d2c	53.141	11.602	82.244	17.756	
Kc7c5c	53.129	10.475	34.690	65.310	
AcJc2d	53.125	10.006	38.164	61.836	
AhTd3c	53.120	10.374	46.598	53.402	
Ac6c5c	53.111	10.622	41.190	58.810	
Ah9d2c	53.110	10.407	51.416	48.584	
Ah7d4c	53.106	10.768	58.681	41.319	
Kc8c5c	53.104	10.453	34.128	65.872	
Ad5c4c	53.097	10.686	48.770	51.230	
AcJc6c	53.088	10.235	37.393	62.607	
AcTc6c	53.087	10.426	49.065	50.935	
Ac6c4c	53.084	10.866	45.001	54.999	
Kc6c5c	53.073	10.435	32.353	67.647	
Ad8c2c	53.070	10.462	41.145	58.855	
Ah6d4c	53.058	11.122	64.656	35.344	
Kc9c5c	53.056	10.315	40.560	59.440	
Kd8c2c	53.055	11.350	77.141	22.859	
Kc4c2d	53.053	11.711	83.283	16.717	
Kc8c2d	53.049	11.321	79.089	20.911	
Ac7c3d	53.048	10.659	47.809	52.191	
Ac5c4d	53.046	10.663	49.935	50.065	
Ac5c2d	53.045	10.762	46.626	53.374	
Kh4d2c	53.042	12.306	91.274	8.726	
KdKc9c	53.041	11.040	72.386	27.614	
Kc6c2d	53.040	11.592	82.665	17.335	
KcJc3c	53.027	10.048	21.869	78.131	
Ac9c6c	53.026	10.266	33.801	66.199	
Kc8d2c	53.026	11.284	78.651	21.349	
Ac8c2d	53.009	10.450	43.206	56.794	
Kc7d2c	53.006	11.299	78.422	21.578	
Kc8c6c	53.005	10.256	27.543	72.457	
Kd7c2c	52.998	11.352	77.848	22.152	
Ah2d2c	52.997	11.516	59.489	40.511	
Kh6d2c	52.987	12.196	94.142	5.858	
Ah8d3c	52.978	10.621	59.035	40.965	
AcTc2d	52.968	10.182	45.530	54.470	
KcJc2c	52.959	10.143	22.512	77.488	
Kc7c2d	52.958	11.309	79.134	20.866	
Ac5d3c	52.955	10.727	50.460	49.540	
Ac7c6c	52.955	10.498	41.402	58.598	
Kc5c4c	52.954	10.482	35.887	64.113	
KcTc3c	52.937	10.180	28.331	71.669	
AcJc4c	52.936	10.208	36.329	63.671	
KdKh9c	52.934	11.281	74.555	25.445	
Ac7c5c	52.933	10.434	37.632	62.368	
AhTd2c	52.926	10.265	43.398	56.602	
AcJc9c	52.924	9.817	26.602	73.398	
Ac9c7c	52.920	10.090	31.811	68.189	
AcJc5c	52.915	10.036	32.341	67.659	
AcTc4c	52.915	10.389	44.191	55.809	
Ad6c3c	52.904	10.780	47.270	52.730	
AdAc8c	52.903	10.545	52.818	47.182	
Kh8d2c	52.890	11.816	88.896	11.104	
Kc9c7c	52.888	10.005	24.040	75.960	
AcTc5c	52.882	10.208	40.083	59.917	
Ac6c2d	52.882	10.902	49.190	50.810	
Ad7c3c	52.880	10.495	43.329	56.671	
Ac7d2c	52.879	10.550	44.173	55.827	
Kc9c6c	52.877	10.039	25.859	74.141	
Ah5d2c	52.872	10.874	58.426	41.574	
Kc3d2c	52.870	11.548	80.698	19.302	
Kh7d2c	52.866	11.846	89.869	10.131	
Kd3c2c	52.865	11.565	79.339	20.661	
KcTc2c	52.864	10.274	28.714	71.286	
KcQc3c	52.850	10.276	28.187	71.813	
Ac4d3c	52.845	10.852	52.728	47.272	
Ac8c4c	52.834	10.397	37.394	62.606	
Ac7c2d	52.832	10.567	44.099	55.901	
Ah5d4c	52.824	10.699	57.766	42.234	
KcJc9c	52.823	9.739	18.962	81.038	
Ac4c3d	52.820	10.851	52.237	47.763	
Ac9c4c	52.817	10.224	29.875	70.125	
AcJc8c	52.802	9.800	27.703	72.297	
Ah8d2c	52.798	10.502	56.210	43.790	
Ac9c5c	52.795	10.045	29.788	70.212	
AcJc7c	52.788	9.898	31.817	68.183	
Ac8c5c	52.787	10.196	33.267	66.733	
Ac6d2c	52.784	10.806	48.259	51.741	
KcQc2c	52.781	10.369	28.729	71.271	
Kc8c4c	52.778	10.246	27.331	72.669	
Ac6c3c	52.776	10.729	41.939	58.061	
Ac7c4c	52.773	10.511	39.005	60.995	
KcTc9c	52.770	9.783	25.173	74.827	
Ad7c2c	52.768	10.480	40.756	59.244	
AcTc7c	52.753	10.065	38.395	61.605	
Kc5c2c	52.735	10.612	38.265	61.735	
Kc9c4c	52.732	10.094	25.479	74.521	
KcQc9c	52.732	10.044	27.730	72.270	
Kc3c2d	52.728	11.483	79.985	20.015	
Ad6c2c	52.728	10.729	44.990	55.010	
Ad5c3c	52.726	10.606	47.071	52.929	
Kh3d2c	52.721	12.065	88.590	11.410	
Ad4c3c	52.702	10.697	48.715	51.285	
KdKc8c	52.696	11.193	74.693	25.307	
Kc6c4c	52.689	10.297	31.981	68.019	
Kc9c8c	52.688	9.873	20.346	79.654	
Ah7d3c	52.681	10.600	55.057	44.943	
Kc7c6c	52.664	10.032	22.043	77.957	
Ac5c3d	52.662	10.576	47.596	52.404	
Ac4c3c	52.646	10.631	44.905	55.095	
AcJc3c	52.646	10.109	34.775	65.225	
AcTc9c	52.633	9.784	29.556	70.444	
AcTc3c	52.628	10.282	42.480	57.520	
Kc7c4c	52.624	10.164	26.891	73.109	
AdAh8c	52.613	10.600	55.337	44.663	
Ah6d3c	52.609	10.920	60.321	39.679	
Kc5c3c	52.594	10.445	36.627	63.373	
Ac4c2d	52.590	10.736	48.472	51.528	
Kc8c7c	52.568	9.941	20.075	79.925	
AdAc7c	52.556	10.618	55.420	44.580	
Ac9c3c	52.551	10.126	29.029	70.971	
Ac8c7c	52.533	10.021	34.407	65.593	
Ac4d2c	52.523	10.696	48.417	51.583	
Ac6c2c	52.521	10.640	39.814	60.186	
Ac8c3c	52.515	10.274	32.622	67.378	
Ad4c2c	52.481	10.611	45.730	54.270	
Ac7c3c	52.479	10.408	37.718	62.282	
AcJc2c	52.475	10.041	33.151	66.849	
Ah7d2c	52.473	10.529	53.469	46.531	
AdAc5c	52.473	10.847	60.075	39.925	
Ac5c4c	52.465	10.375	37.399	62.601	
KdKc7c	52.457	11.168	76.573	23.427	
QcJdJc	52.454	9.954	65.606	34.394	
AdAc6c	52.453	10.983	60.799	39.201	
AcTc2c	52.452	10.210	40.297	59.703	
Ac9c8c	52.432	9.715	29.463	70.537	
Ac5c2c	52.432	10.426	35.137	64.863	
Ah5d3c	52.424	10.619	56.726	43.274	
Kc8c3c	52.410	10.136	22.864	77.136	
Kc9c3c	52.406	9.968	21.941	78.059	
Ac3c2d	52.391	10.517	45.730	54.270	
Kc4c3c	52.387	10.229	29.200	70.800	
KdKc6c	52.381	11.464	81.559	18.441	
KdKh8c	52.367	11.369	76.613	23.387	
Ac9c2c	52.354	10.046	27.405	72.595	
Kc6c3c	52.330	10.157	26.653	73.347	
Ah6d2c	52.328	10.803	57.591	42.409	
Ac8c2c	52.327	10.194	31.092	68.908	
KdKc5c	52.326	11.698	83.844	16.156	
Kc8c2c	52.311	10.226	23.604	76.396	
Kc9c2c	52.302	10.060	22.006	77.994	
Ah4d3c	52.299	10.730	58.419	41.581	
Ac3d2c	52.297	10.473	45.164	54.836	
Kc7c3c	52.275	10.048	23.952	76.048	
Ac7c2c	52.274	10.327	34.307	65.693	
Ac4c2c	52.270	10.485	40.442	59.558	
Ad3c2c	52.256	10.389	41.871	58.129	
Kc6c2c	52.241	10.275	27.522	72.478	
Kc4c2c	52.215	10.296	28.883	71.117	
Qc8d8c	52.215	10.899	77.910	22.090	
QcTdTc	52.213	9.837	64.030	35.970	
KdKh7c	52.205	11.403	79.981	20.019	
Ac5c3c	52.197	10.331	36.362	63.638	
KdKh6c	52.178	11.789	84.727	15.273	
Qc7d7c	52.167	11.010	76.962	23.038	
Kc7c2c	52.162	10.168	23.574	76.426	
AdAh5c	52.150	10.978	63.598	36.402	
Ac3c2c	52.117	10.337	36.670	63.330	
AdAc4c	52.093	10.991	61.399	38.601	
AdAh7c	52.084	10.540	56.414	43.586	
Ah4d2c	52.084	10.643	56.168	43.832	
KdKc4c	52.044	11.561	82.106	17.894	
QhTdTc	52.004	9.994	65.286	34.714	
Qh8d8c	51.996	11.130	79.120	20.880	
QdQcJc	51.993	9.776	61.047	38.953	
QhJdJc	51.971	9.950	64.992	35.008	
Qh7d7c	51.956	11.307	80.117	19.883	
Kc3c2c	51.942	10.146	23.943	76.057	
KdKh5c	51.925	11.876	84.865	15.135	
QcJc9c	51.877	10.155	40.927	59.073	
KdKh4c	51.872	11.915	84.168	15.832	
Ah3d2c	51.863	10.402	50.125	49.875	
QcJc5c	51.823	10.314	53.614	46.386	
QcJc6c	51.744	10.087	41.350	58.650	
AdAh6c	51.742	10.794	59.876	40.124	
Qc9d9c	51.699	10.672	74.034	25.966	
JcTc9c	51.672	9.760	34.654	65.346	
QcJc4c	51.672	10.159	43.711	56.289	
AdAc3c	51.650	10.843	59.734	40.266	
QcJc7c	51.629	9.888	35.937	64.063	
JdJcTc	51.613	9.547	64.285	35.715	
Qc6d6c	51.575	11.012	76.971	23.029	
KdKc3c	51.557	11.361	79.457	20.543	
JcTc8c	51.487	9.898	50.119	49.881	
QdQhJc	51.472	9.734	61.333	38.667	
Qc5d5c	51.459	10.742	75.735	24.265	
QdQcTc	51.459	9.518	59.226	40.774	
QcJc3c	51.416	10.029	37.992	62.008	
AdAh4c	51.398	10.825	60.903	39.097	
JcTdTc	51.397	9.283	61.953	38.047	
QcTc8c	51.397	9.835	45.566	54.434	
KdKh3c	51.381	11.711	81.396	18.604	
QcTc5c	51.354	10.044	50.669	49.331	
QcJc7d	51.335	9.296	52.468	47.532	
QcJc6d	51.332	9.558	55.894	44.106	
QcJc2c	51.332	10.125	38.799	61.201	
QcJc8c	51.306	9.747	38.568	61.432	
QcTc6c	51.297	9.835	42.132	57.868	
JcTc5c	51.292	10.055	58.934	41.066	
Qh6d6c	51.283	11.283	79.355	20.645	
AdAc2c	51.283	10.663	59.075	40.925	
QcJc4d	51.279	9.717	57.074	42.926	
Qc4d4c	51.279	11.140	77.213	22.787	
QcJc5d	51.277	9.613	59.399	40.601	
JdJhTc	51.245	9.593	65.840	34.160	
QcTc4c	51.221	9.903	40.422	59.578	
QdQhTc	51.209	9.629	61.181	38.819	
JcTc6c	51.173	9.813	46.503	53.497	
QcTc7c	51.163	9.623	32.919	67.081	
Qh9d9c	51.147	10.646	74.559	25.441	
JcTc4c	51.143	9.898	49.278	50.722	
Qh5d5c	51.131	10.923	78.121	21.879	
QdJc6c	51.073	9.429	53.825	46.175	
QdJc5c	51.049	9.545	57.893	42.107	
QdJc7c	51.048	9.146	50.474	49.526	
QcTc6d	51.040	9.420	62.135	37.865	
QcJc3d	51.028	9.635	55.539	44.461	
JhTdTc	51.025	9.321	62.900	37.100	
QcTc7d	51.020	9.139	56.391	43.609	
KdKc2c	51.010	11.274	78.486	21.514	
QdJc4c	51.005	9.585	55.070	44.930	
QcJd6c	50.995	9.364	53.065	46.935	
QcTc4d	50.984	9.579	60.918	39.082	
Qh4d4c	50.980	11.406	78.144	21.856	
QcTc3c	50.970	9.778	33.671	66.329	
QcJd5c	50.969	9.477	57.421	42.579	
QcJd7c	50.968	9.077	49.702	50.298	
Jc9d9c	50.968	10.012	68.892	31.108	
QcTc5d	50.965	9.480	63.025	36.975	
Jc7d7c	50.963	10.237	72.725	27.275	
Jc8d8c	50.944	10.084	70.420	29.580	
Qc3d3c	50.943	11.211	75.133	24.867	
JcTc9d	50.933	9.084	28.749	71.251	
QdTc6c	50.929	9.372	59.989	40.011	
QcJd4c	50.927	9.520	54.487	45.513	
AdAh3c	50.919	10.625	58.550	41.450	
QdTc8c	50.913	9.302	56.011	43.989	
QcTd6c	50.910	9.349	59.985	40.015	
QcTc8d	50.908	9.304	55.065	44.935	
JcTc3c	50.897	9.766	41.838	58.162	
QdTc5c	50.887	9.505	62.658	37.342	
QcTc2c	50.882	9.879	34.704	65.296	
QdTc7c	50.880	9.074	54.346	45.654	
QcTd5c	50.868	9.478	62.694	37.306	
QdTc4c	50.861	9.535	59.375	40.625	
QcTd7c	50.861	9.045	54.132	45.868	
QcTd4c	50.842	9.511	59.024	40.976	
JcTd9c	50.832	8.981	26.682	73.318	
JcTc2c	50.813	9.865	42.787	57.213	
QcJc9d	50.812	9.286	40.652	59.348	
QcTd8c	50.779	9.212	55.032	44.968	
AdAh2c	50.757	10.601	58.736	41.264	
QcTc9c	50.756	9.532	31.594	68.406	
QcJc8d	50.746	8.955	47.038	52.962	
QdJc3c	50.744	9.482	53.070	46.930	
QcTc3d	50.736	9.493	58.544	41.456	
JcTc7c	50.735	9.436	41.505	58.495	
Qc8c6c	50.705	9.673	32.900	67.100	
JcTc8d	50.704	9.215	51.721	48.279	
Jh7d7c	50.700	10.479	72.981	27.019	
QdJc9c	50.696	9.201	39.134	60.866	
QhJd7c	50.680	9.044	49.321	50.679	
JdTc9c	50.674	8.879	23.243	76.757	
QcJd9c	50.668	9.172	39.059	60.941	
QcJd3c	50.666	9.416	52.380	47.620	
KdKh2c	50.662	11.554	79.765	20.235	
Qh3d3c	50.657	11.499	76.108	23.892	
Qc9c7c	50.655	9.684	29.805	70.195	
QhJd6c	50.637	9.325	53.721	46.279	
Qc7c5c	50.628	9.835	39.806	60.194	
Qc9c6c	50.627	9.771	35.635	64.365	
Jh8d8c	50.624	10.232	70.029	29.971	
Qc6c5c	50.620	9.873	38.604	61.396	
Qc8c5c	50.605	9.789	41.664	58.336	
QdTc3c	50.603	9.425	56.423	43.577	
QhTd7c	50.598	9.002	53.386	46.614	
Tc9d9c	50.587	9.845	68.730	31.270	
QcTd3c	50.583	9.401	56.256	43.744	
QhTd6c	50.581	9.299	59.286	40.714	
Qc9c5c	50.579	9.975	48.859	51.141	
QhJd4c	50.578	9.503	56.401	43.599	
JcTc4d	50.572	9.335	56.382	43.618	
JcTc6d	50.569	9.171	56.224	43.776	
Qc5c4c	50.562	9.960	43.267	56.733	
Qc8d6c	50.562	9.700	69.809	30.191	
JcTc5d	50.550	9.224	58.468	41.532	
QhJd5c	50.550	9.363	56.172	43.828	
Qc8c6d	50.546	9.686	69.430	30.570	
JdTc8c	50.546	9.075	50.309	49.691	
QdJc8c	50.527	8.830	45.279	54.721	
QhTd4c	50.518	9.482	58.968	41.032	
JcTd8c	50.511	9.067	50.308	49.692	
9d9c8c	50.507	10.048	69.326	30.674	
Qc8c4c	50.505	9.694	35.719	64.281	
JdJc9c	50.496	9.536	67.500	32.500	
Jh9d9c	50.490	10.008	66.363	33.637	
QdQc8c	50.486	9.616	65.858	34.142	
9c7d7c	50.481	10.212	70.655	29.345	
Qc9c4c	50.478	9.836	36.872	63.128	
9d9h8c	50.475	10.360	69.052	30.948	
QhTd5c	50.475	9.353	59.894	40.106	
QhTd8c	50.462	9.182	53.840	46.160	
QcJc2d	50.458	9.501	53.752	46.248	
9c8d8c	50.456	9.948	69.173	30.827	
Qc6c4c	50.434	9.843	40.886	59.114	
9h8d8c	50.426	10.272	69.405	30.595	
Qc7c6c	50.424	9.498	23.586	76.414	
Qc8c4d	50.422	9.801	71.034	28.966	
Qc8d5c	50.421	9.738	71.381	28.619	
Qc8d4c	50.420	9.813	71.034	28.966	
QcJd8c	50.415	8.741	44.804	55.196	
Qc7d6c	50.414	9.530	66.586	33.414	
Jc6d6c	50.393	10.245	71.099	28.901	
Qd8c6c	50.393	9.555	65.442	34.558	
Qc6d5c	50.388	10.007	75.362	24.638	
Tc8d8c	50.385	10.112	70.791	29.209	
Qc8c7d	50.383	9.186	59.945	40.055	
9d9c7c	50.379	10.216	70.109	29.891	
Qc8c5d	50.377	9.654	70.880	29.120	
JcTd5c	50.371	9.144	56.989	43.011	
Qc8c7c	50.371	9.339	20.205	79.795	
Qc5c2c	50.369	10.103	46.295	53.705	
Qc7c6d	50.367	9.505	66.144	33.856	
Qc8d7c	50.367	9.179	59.666	40.334	
Qc7c4c	50.362	9.637	31.408	68.592	
Qc5c4d	50.354	10.196	76.903	23.097	
JcTd6c	50.353	9.024	54.903	45.097	
Th9d9c	50.352	10.039	64.313	35.687	
Qc6c5d	50.351	9.936	74.163	25.837	
Qc7d5c	50.350	9.838	71.188	28.812	
JhTd9c	50.343	8.816	26.865	73.135	
JcTc3d	50.343	9.249	53.877	46.123	
JcTd4c	50.342	9.187	54.459	45.541	
QhJd3c	50.340	9.429	55.341	44.659	
JdTc5c	50.335	9.105	56.654	43.346	
QdQc9c	50.335	9.630	64.445	35.555	
Qc7d4c	50.329	9.789	69.362	30.638	
Qc5d4c	50.326	10.117	76.434	23.566	
JdTc6c	50.318	8.988	54.125	45.875	
QdJc2c	50.311	9.418	51.710	48.290	
Jc9c7c	50.309	9.447	36.173	63.827	
9h7d7c	50.309	10.466	72.144	27.856	
KdKcKh	50.309	12.760	74.890	25.110	
JdTc4c	50.308	9.148	53.950	46.050	
Tc7d7c	50.305	10.074	70.117	29.883	
8c7d7c	50.300	10.060	68.799	31.201	
Qc7c4d	50.297	9.768	69.017	30.983	
Qc4c3c	50.284	9.844	42.001	57.999	
QhTd3c	50.280	9.405	57.000	43.000	
Qc9c3c	50.280	9.720	32.720	67.280	
TdTc9c	50.278	9.391	68.746	31.254	
Qc6c4d	50.275	10.140	74.310	25.690	
8h7d7c	50.274	10.436	71.808	28.192	
Qc7c5d	50.272	9.744	70.716	29.284	
Jc5d5c	50.271	9.967	71.515	28.485	
Qc6d4c	50.270	10.136	74.410	25.590	
Qc5c3c	50.266	9.938	45.380	54.620	
JdJc8c	50.263	9.484	67.655	32.345	
8d8c7c	50.256	10.091	68.466	31.534	
QdQh8c	50.253	9.717	67.768	32.232	
Qc8c3c	50.247	9.575	28.887	71.113	
Qc9c6d	50.236	9.663	65.274	34.726	
QcJd2c	50.234	9.352	51.064	48.936	
Qh8d6c	50.234	9.721	71.634	28.366	
Jc9c5c	50.231	9.714	47.316	52.684	
8d8h7c	50.227	10.444	70.130	29.870	
9d9c6c	50.219	10.455	70.764	29.236	
Qd8c4c	50.215	9.639	66.538	33.462	
9d9h7c	50.210	10.427	69.433	30.567	
Qd8c5c	50.207	9.554	66.535	33.465	
Qc9c7d	50.196	9.466	60.760	39.240	
8d8c6c	50.194	10.582	70.961	29.039	
AdAcAh	50.191	11.617	65.804	34.196	
Jc9c6c	50.187	9.520	33.463	66.537	
Qd7c5c	50.181	9.679	67.216	32.784	
QdQc7c	50.175	9.600	65.212	34.788	
Qc6c3c	50.166	9.713	34.320	65.680	
JcTc7d	50.164	8.647	56.903	43.097	
Qd6c5c	50.164	9.762	69.491	30.509	
QdTc2c	50.163	9.358	55.382	44.618	
Jc4d4c	50.160	10.363	71.546	28.454	
QcTc2d	50.159	9.354	56.515	43.485	
Qc9c2c	50.158	9.813	33.173	66.827	
Qd7c6c	50.156	9.317	61.172	38.828	
7d7c6c	50.155	10.488	69.939	30.060	
JhTd8c	50.153	8.988	47.849	52.151	
Qc8c3d	50.152	9.698	65.050	34.950	
QcTd2c	50.144	9.333	55.057	44.943	
Qd8c7c	50.141	8.996	53.945	46.055	
Qc8d3c	50.138	9.688	64.869	35.131	
QhJd9c	50.135	9.053	38.949	61.051	
Qc8c2c	50.128	9.671	30.346	69.654	
Jc9c4c	50.128	9.599	36.313	63.687	
Qd5c4c	50.126	9.924	72.790	27.210	
JdJcJh	50.121	12.121	76.634	23.366	
9d9c9h	50.121	11.930	73.549	26.451	
9d9h6c	50.115	10.762	70.701	29.299	
Qc7c3c	50.113	9.536	28.852	71.148	
JcTd3c	50.101	9.078	51.773	48.227	
Qc4c2c	50.099	9.907	41.529	58.471	
Qh8d7c	50.097	9.151	64.097	35.903	
Qh8d4c	50.093	9.859	73.410	26.590	
Qd7c4c	50.091	9.609	64.827	35.173	
Qh7d6c	50.081	9.558	72.966	27.034	
TdTh9c	50.074	9.576	67.073	32.927	
Qc9c4d	50.067	9.808	65.119	34.881	
JdTc3c	50.067	9.041	51.218	48.782	
Qc9c8c	50.063	9.334	33.746	66.254	
Qd6c4c	50.061	9.952	71.245	28.755	
Qc7d3c	50.059	9.689	65.957	34.043	
8d8c5c	50.059	10.668	70.598	29.402	
Th7d7c	50.056	10.304	69.394	30.606	
7d7h6c	50.055	10.846	71.147	28.853	
Jc8c6c	50.049	9.458	30.996	69.004	
QhJd8c	50.048	8.650	41.850	58.150	
Jh6d6c	50.047	10.469	70.755	29.245	
JdJh9c	50.041	9.507	66.940	33.060	
Qc6c2c	50.041	9.827	35.805	64.195	
Qc7c3d	50.039	9.692	65.941	34.059	
Qh8d5c	50.035	9.691	73.911	26.089	
JdJc7c	50.033	9.492	68.314	31.686	
9d9c5c	50.033	10.613	71.264	28.736	
Qc9c5d	50.023	9.687	67.743	32.257	
Jc7c5c	50.022	9.577	36.183	63.817	
8d8h6c	50.018	10.837	71.395	28.605	
Qc9d6c	50.016	9.557	63.657	36.343	
Qc5c3d	50.009	10.183	73.666	26.334	
7d7c5c	50.007	10.770	69.584	30.416	
9c6d6c	50.005	10.132	68.142	31.858	
Jc8c5c	50.002	9.562	39.141	60.859	
Qh7d4c	49.992	9.851	74.106	25.894	
Qc6c3d	49.988	9.984	69.920	30.080	
8d8c8h	49.986	11.848	73.923	26.077	
Jc6c5c	49.986	9.631	34.527	65.473	
Qh6d5c	49.977	10.018	79.429	20.571	
Qc5d3c	49.975	10.073	73.470	26.530	
Qc6d3c	49.975	9.951	69.986	30.014	
Qc7c2c	49.974	9.643	29.588	70.412	
JdJh8c	49.970	9.586	68.942	31.058	
Jc5c4c	49.969	9.724	39.321	60.679	
TdTc8c	49.966	9.589	68.579	31.421	
QdQh7c	49.957	9.725	67.544	32.456	
JhTd4c	49.949	9.117	53.387	46.613	
JhTd6c	49.947	8.945	53.418	46.582	
Qc9d7c	49.946	9.339	58.753	41.247	
Qh5d4c	49.943	10.235	80.481	19.519	
Qh7d5c	49.943	9.817	75.087	24.913	
7d7c7h	49.942	11.814	71.263	28.737	
Qd8c3c	49.939	9.531	61.994	38.006	
Jc9c3c	49.937	9.493	31.852	68.148	
Qc3c2c	49.933	9.771	37.054	62.946	
QdQc6c	49.933	9.915	70.287	29.713	
Qc4c3d	49.926	10.153	74.266	25.734	
Qc4d3c	49.923	10.121	74.386	25.614	
QcTd9c	49.921	8.609	28.737	71.263	
Th8d8c	49.918	10.146	67.491	32.509	
JcTd7c	49.914	8.466	54.329	45.671	
8d8h5c	49.909	10.879	70.862	29.138	
JhTd5c	49.904	8.976	54.024	45.976	
9h6d6c	49.902	10.448	70.248	29.752	
Qh6d4c	49.901	10.246	78.717	21.283	
Jc8c4c	49.900	9.475	34.587	65.413	
Tc8c6c	49.899	9.469	34.403	65.597	
Jh5d5c	49.889	10.116	71.368	28.632	
Jc3d3c	49.883	10.442	69.684	30.316	
Qc9c3d	49.883	9.727	63.596	36.404	
9d9h5c	49.877	10.816	69.662	30.338	
JdTc7c	49.876	8.426	53.358	46.642	
QcTc9d	49.870	8.607	28.482	71.518	
Qd9c7c	49.867	9.259	55.641	44.359	
8c6d6c	49.864	10.215	67.850	32.150	
8d8c4c	49.855	10.663	69.505	30.495	
7d7c4c	49.849	10.682	68.896	31.104	
Qd9c6c	49.846	9.417	60.112	39.888	
9d9c4c	49.842	10.592	69.168	30.832	
Qc5d2c	49.832	10.150	72.803	27.197	
Qd7c3c	49.826	9.522	62.067	37.933	
Qc9d5c	49.826	9.645	66.980	33.020	
Qc9d4c	49.826	9.697	63.683	36.317	
Qh8d3c	49.822	9.745	66.525	33.475	
Jc9c2c	49.819	9.584	32.254	67.746	
JdJc6c	49.812	9.849	71.693	28.307	
Jh4d4c	49.811	10.582	71.396	28.604	
JdJh7c	49.807	9.673	70.749	29.251	
Jc6c4c	49.804	9.604	35.872	64.128	
Jc5c2c	49.799	9.863	42.468	57.532	
Qd4c3c	49.796	9.978	72.505	27.495	
Qd5c3c	49.794	9.956	71.361	28.639	
JcTc2d	49.786	9.114	52.232	47.768	
9c5d5c	49.780	9.953	70.235	29.765	
QdTc9c	49.776	8.538	24.774	75.226	
Qd6c3c	49.769	9.788	66.924	33.076	
Jc7c4c	49.761	9.397	31.180	68.820	
Jc7c6c	49.761	9.266	23.365	76.635	
QdQc5c	49.754	10.044	73.422	26.578	
QdQh9c	49.745	9.485	63.195	36.805	
QhJd2c	49.736	9.291	53.313	46.687	
7d7h5c	49.734	10.896	69.352	30.648	
Qc5c2d	49.734	10.192	72.169	27.831	
JhTd3c	49.733	9.040	52.168	47.832	
Qh7d3c	49.732	9.771	70.489	29.511	
5c4c2c	49.732	9.651	42.759	57.241	
7d7h4c	49.729	10.963	68.924	31.076	
8d8h4c	49.729	10.929	68.580	31.420	
Tc6d6c	49.721	10.105	70.402	29.598	
Tc8c5c	49.720	9.604	41.762	58.238	
9d9h4c	49.715	10.885	68.936	31.064	
JdJc5c	49.711	9.978	74.595	25.405	
7c6d6c	49.709	10.052	66.037	33.963	
Jc4c3c	49.708	9.627	37.955	62.045	
QdQcQh	49.700	12.072	73.476	26.524	
Jc5c3c	49.700	9.701	42.006	57.994	
8h6d6c	49.695	10.466	69.502	30.498	
8c5d5c	49.691	9.965	68.588	31.412	
JcTd2c	49.678	9.017	50.972	49.028	
Qc2d2c	49.678	10.729	70.070	29.930	
Qc8d2c	49.670	9.619	64.120	35.880	
Tc8c4c	49.669	9.509	36.803	63.197	
QhTd2c	49.669	9.264	55.021	44.979	
9c4d4c	49.666	10.258	67.506	32.494	
Jc8c3c	49.664	9.369	27.898	72.102	
Jc9c7d	49.661	9.066	55.709	44.291	
Qd9c4c	49.661	9.547	60.285	39.715	
Qd9c5c	49.654	9.482	63.150	36.850	
Tc9c5c	49.646	9.390	41.051	58.949	
JdTc2c	49.645	8.981	50.446	49.554	
Qd5c2c	49.643	10.038	70.529	29.471	
9h5d5c	49.636	10.202	71.825	28.175	
Qc9d3c	49.634	9.590	61.764	38.236	
Qh9d6c	49.629	9.535	66.122	33.878	
9c7c5c	49.629	9.288	28.902	71.098	
QdQh6c	49.621	10.036	70.941	29.059	
7h6d6c	49.621	10.379	68.181	31.819	
6d6c5c	49.619	10.623	66.824	33.176	
TdTc7c	49.616	9.397	66.244	33.756	
Qh6d3c	49.609	10.078	75.213	24.787	
QdQc4c	49.605	10.032	72.582	27.418	
Qh9d7c	49.604	9.321	60.980	39.020	
Qc4d2c	49.593	10.101	71.680	28.320	
Qh5d3c	49.588	10.201	76.528	23.472	
Qc9c8d	49.583	8.909	49.920	50.080	
8c4d4c	49.573	10.287	67.063	32.937	
Tc5d5c	49.570	9.874	70.343	29.657	
Tc9c4c	49.565	9.295	33.021	66.979	
Qc7d2c	49.562	9.624	62.556	37.444	
8h5d5c	49.554	10.200	71.310	28.690	
JhTd7c	49.554	8.332	52.898	47.102	
Jc6c3c	49.552	9.484	31.636	68.364	
Jh3d3c	49.551	10.677	70.273	29.727	
Qc8c2d	49.551	9.560	63.487	36.513	
JdJc4c	49.551	9.980	73.287	26.713	
Jc8c2c	49.550	9.464	28.963	71.037	
9d9c3c	49.544	10.400	67.384	32.616	
6c5d5c	49.540	10.255	67.886	32.114	
TdTcTh	49.538	11.757	74.848	25.152	
9h4d4c	49.537	10.569	67.052	32.948	
Jc4c2c	49.535	9.686	38.072	61.928	
8c6c5c	49.532	9.231	25.198	74.802	
5c3c2c	49.530	9.583	41.057	58.943	
Qh4d3c	49.529	10.229	76.427	23.573	
TdTh8c	49.529	9.602	67.521	32.479	
Jc7c3c	49.529	9.301	28.847	71.153	
Jc9c6d	49.525	9.127	57.633	42.367	
Tc9c6c	49.513	9.114	27.548	72.452	
Jc9d7c	49.499	8.977	54.899	45.101	
Tc9c7c	49.496	9.013	26.868	73.132	
Qc6d2c	49.496	9.918	67.942	32.058	
8d8c3c	49.494	10.475	67.108	32.892	
JdJh6c	49.492	10.020	71.804	28.196	
7d7c3c	49.489	10.518	66.656	33.344	
Jc9c4d	49.481	9.293	58.682	41.318	
Tc4d4c	49.477	10.221	69.599	30.401	
Qd9c3c	49.472	9.452	58.931	41.069	
Qd8c2c	49.470	9.465	61.035	38.965	
Qc4c2d	49.468	10.061	70.732	29.268	
Tc7c5c	49.467	9.442	35.715	64.285	
7c5d5c	49.451	9.987	65.778	34.222	
8h4d4c	49.449	10.552	66.344	33.656	
5d5c4c	49.447	10.449	68.629	31.371	
Tc8c3c	49.438	9.401	30.785	69.215	
9d9h3c	49.438	10.715	67.635	32.365	
Jc6c2c	49.431	9.595	32.725	67.275	
Qh9d4c	49.426	9.703	66.987	33.013	
Qc3d2c	49.421	9.955	69.776	30.224	
Tc6c5c	49.421	9.499	35.275	64.725	
Jc9c5d	49.420	9.147	59.535	40.465	
9c3d3c	49.416	10.269	64.542	35.458	
Jc8c6d	49.415	9.094	58.787	41.213	
7c6c5c	49.414	9.084	18.719	81.281	
Qc7c2d	49.412	9.558	61.654	38.346	
TdTh7c	49.410	9.594	68.922	31.078	
7c4d4c	49.408	10.216	65.644	34.356	
Tc5c4c	49.408	9.582	39.955	60.045	
5c4d4c	49.402	10.632	66.030	33.970	
9c7c6c	49.401	8.998	18.295	81.705	
Jc8d6c	49.400	9.092	58.558	41.442	
5d5c5h	49.399	11.519	65.266	34.734	
6d6h5c	49.399	10.838	67.333	32.667	
Jc7c2c	49.399	9.406	28.565	71.435	
7c5c4c	49.394	9.270	28.365	71.635	
QdQh5c	49.393	10.115	73.209	26.791	
Th6d6c	49.388	10.284	68.919	31.081	
Tc9c3c	49.385	9.201	28.779	71.221	
5c4c3c	49.383	9.316	33.209	66.791	
Jc9d6c	49.383	9.061	56.600	43.400	
Qc9d8c	49.382	8.796	48.534	51.466	
Qd4c2c	49.382	9.922	69.336	30.664	
Jc3c2c	49.382	9.562	34.617	65.383	
TdTc6c	49.381	9.761	71.956	28.044	
Qc6c2d	49.379	9.883	67.151	32.849	
8d8h3c	49.378	10.787	67.663	32.337	
7d7h3c	49.377	10.816	66.509	33.491	
Qh9d5c	49.368	9.544	68.263	31.737	
8c6c4c	49.366	9.282	32.244	67.756	
9c7c4c	49.362	9.194	25.322	74.678	
Jd9c7c	49.352	8.834	52.496	47.504	
6d6c4c	49.351	10.628	64.881	35.119	
Jc8c4d	49.351	9.165	58.839	41.161	
Jc5c4d	49.341	9.555	68.046	31.954	
5c4d2c	49.340	10.202	66.957	33.043	
JdJh5c	49.339	10.077	73.365	26.635	
Jc8c7c	49.335	8.944	21.988	78.012	
9c5c4c	49.333	9.366	32.282	67.718	
Qd7c2c	49.331	9.469	59.379	40.621	
6h5d5c	49.330	10.517	70.810	29.190	
5d4c2c	49.330	10.140	66.825	33.175	
Tc8c7c	49.328	9.033	22.717	77.283	
QhTd9c	49.327	8.389	30.771	69.229	
Jc9d4c	49.323	9.226	57.473	42.527	
Jc6d5c	49.322	9.375	67.343	32.657	
Jc7d5c	49.322	9.190	63.755	36.245	
Jc8d4c	49.320	9.167	58.488	41.512	
Tc8c2c	49.318	9.495	32.027	67.973	
9c6c5c	49.317	9.171	23.744	76.256	
Jc8d5c	49.316	9.102	59.977	40.023	
Jc9c3d	49.315	9.214	57.003	42.997	
Jc9d5c	49.312	9.147	59.100	40.900	
Jc5d4c	49.309	9.484	67.878	32.122	
Qh5d2c	49.308	10.234	75.444	24.556	
6c4d4c	49.308	10.553	65.302	34.698	
Jc7d6c	49.307	8.918	59.838	40.162	
Jc7d4c	49.306	9.172	61.453	38.547	
9h3d3c	49.300	10.573	64.247	35.753	
Jc8c5d	49.298	9.042	59.116	40.884	
7h4d4c	49.297	10.479	65.355	34.645	
8d6c5c	49.292	9.333	58.753	41.247	
Qc3c2d	49.292	9.884	68.997	31.003	
Qd6c2c	49.292	9.760	64.739	35.261	
QdQh4c	49.288	10.159	72.157	27.843	
6d6c6h	49.286	11.544	65.214	34.786	
Jc6c5d	49.281	9.309	66.381	33.619	
Qc9c2d	49.280	9.588	61.673	38.327	
8c6c5d	49.278	9.353	58.039	41.961	
Tc6c4c	49.278	9.455	36.596	63.404	
8c6d5c	49.277	9.365	58.695	41.305	
Jc7c4d	49.274	9.144	61.141	38.859	
QdQc3c	49.273	9.861	69.557	30.443	
8c3d3c	49.270	10.289	63.554	36.446	
9c6c4c	49.268	9.267	28.481	71.519	
Jc9c8c	49.268	8.956	25.981	74.019	
Tc9c2c	49.264	9.296	29.389	70.611	
Qh2d2c	49.264	10.904	70.625	29.375	
Jc7c6d	49.262	8.892	59.514	40.486	
9c7c6d	49.259	9.047	54.435	45.565	
Tc8c6d	49.258	9.338	58.079	41.921	
Qh9d3c	49.257	9.622	65.080	34.920	
TdTc5c	49.255	9.914	73.212	26.788	
8c5c4c	49.247	9.246	27.970	72.030	
5c4c2d	49.243	10.112	66.124	33.876	
Jc7c5d	49.240	9.101	62.529	37.471	
JdJc3c	49.236	9.808	71.044	28.956	
8c7c5c	49.234	9.000	21.561	78.439	
Tc5c2c	49.233	9.711	42.426	57.574	
Tc7c4c	49.233	9.256	30.793	69.207	
4c3c2c	49.233	9.362	28.246	71.754	
JdJh4c	49.228	10.154	72.997	27.003	
5d5h4c	49.226	10.689	67.169	32.831	
7c6d5c	49.220	9.119	58.649	41.351	
Jc6c4d	49.217	9.493	66.034	33.966	
Jc6d4c	49.214	9.493	65.967	34.033	
4d4c4h	49.211	11.431	60.543	39.457	
9c7d6c	49.211	9.016	54.236	45.764	
9c8c5c	49.210	9.008	24.410	75.590	
Tc3d3c	49.209	10.262	66.569	33.431	
Qd3c2c	49.209	9.760	67.450	32.550	
9c8c6c	49.208	8.909	20.325	79.675	
Qd9c8c	49.205	8.658	44.366	55.634	
7h5d5c	49.197	10.129	68.688	31.312	
9c8c4c	49.197	9.054	24.721	75.279	
9d7c5c	49.197	9.288	57.149	42.851	
Th5d5c	49.196	10.015	69.296	30.704	
9c7c3c	49.191	9.104	23.198	76.802	
9c5c2c	49.190	9.467	35.854	64.146	
Jd8c6c	49.190	8.920	55.700	44.300	
7d6c5c	49.187	9.064	58.319	41.681	
9c7c5d	49.186	9.266	56.240	43.760	
Qh8d2c	49.180	9.590	64.629	35.371	
5h4d4c	49.179	10.819	64.965	35.035	
Tc4c3c	49.169	9.482	38.162	61.838	
7c5c4d	49.167	9.563	60.640	39.360	
9d7c6c	49.166	8.954	54.250	45.750	
Tc9c8c	49.164	8.878	22.352	77.648	
Qc9d2c	49.163	9.519	60.472	39.528	
9c7d5c	49.162	9.270	56.923	43.077	
Jd9c6c	49.159	8.880	53.458	46.542	
8c6c4d	49.157	9.630	58.401	41.599	
6d6h4c	49.155	10.847	65.276	34.724	
8h3d3c	49.148	10.571	62.854	37.146	
Jc9d3c	49.145	9.126	55.373	44.627	
JhTd2c	49.144	8.904	51.216	48.784	
Tc5c3c	49.142	9.550	41.404	58.596	
8h6d5c	49.139	9.413	63.462	36.538	
Th4d4c	49.135	10.407	66.965	33.035	
Tc8d6c	49.128	9.262	57.487	42.513	
7d5c4c	49.126	9.490	60.676	39.324	
9c5c3c	49.124	9.311	32.969	67.031	
Jc8c3d	49.121	9.076	55.834	44.166	
Jh9d7c	49.118	8.881	50.434	49.566	
8d6c4c	49.118	9.607	58.824	41.176	
9c7c4d	49.117	9.340	60.347	39.653	
6h4d4c	49.113	10.779	65.737	34.263	
Jd7c5c	49.111	9.002	60.681	39.319	
7c3d3c	49.109	10.240	62.133	37.867	
9c4c3c	49.109	9.273	30.224	69.776	
8c5c2c	49.109	9.448	36.022	63.978	
8c6d4c	49.107	9.598	58.446	41.554	
7c6c5d	49.107	9.010	57.543	42.457	
Jd9c4c	49.105	9.038	54.252	45.748	
TdTc4c	49.104	9.912	72.116	27.884	
9h7d6c	49.099	9.057	55.799	44.201	
5c3d2c	49.094	10.037	65.253	34.747	
9c6c3c	49.092	9.165	26.435	73.565	
Jd9c5c	49.085	8.943	56.176	43.824	
Tc7c6c	49.082	9.000	23.228	76.772	
TdTh6c	49.080	9.941	72.093	27.907	
5d3c2c	49.080	9.953	65.698	34.302	
3d3c3h	49.076	11.295	56.625	43.375	
Jc8d3c	49.076	9.059	55.226	44.774	
Jd5c4c	49.074	9.276	63.551	36.449	
Jd8c4c	49.073	8.965	55.366	44.634	
Jc7d3c	49.065	9.069	59.055	40.945	
Qh4d2c	49.062	10.143	72.874	27.126	
Jd8c5c	49.060	8.890	56.524	43.476	
Jd6c5c	49.059	9.109	62.309	37.691	
7c5d4c	49.059	9.473	59.567	40.433	
Qh7d2c	49.058	9.612	65.933	34.067	
5d5c3c	49.052	10.319	66.894	33.106	
Jc7c3d	49.046	9.062	59.234	40.766	
9c7d4c	49.044	9.303	59.768	40.232	
8c7c4c	49.041	8.946	19.952	80.048	
Tc6c3c	49.038	9.344	33.052	66.948	
Jc5c3d	49.038	9.528	65.423	34.577	
9c7c2c	49.037	9.207	24.038	75.962	
9c8c3c	49.036	8.971	22.122	77.878	
8c5c3c	49.034	9.306	34.027	65.973	
7h6d5c	49.030	9.100	62.553	37.447	
5h4d2c	49.030	10.160	62.915	37.085	
Tc8c4d	49.029	9.364	61.226	38.774	
6c5c2c	49.028	9.488	35.052	64.948	
Jd7c4c	49.026	8.955	57.786	42.214	
7c5c3c	49.025	9.259	33.622	66.378	
5c3d3c	49.019	10.659	62.664	37.336	
5d4c3c	49.016	9.509	63.473	36.527	
7c5c2c	49.014	9.470	36.752	63.248	
Tc7c3c	49.013	9.161	28.744	71.256	
Jd7c6c	49.010	8.672	54.847	45.153	
8c6c3c	49.007	9.198	27.430	72.570	
Qd9c2c	49.000	9.384	57.669	42.331	
9d7c4c	49.000	9.274	59.537	40.463	
7h3d3c	49.000	10.490	60.261	39.739	
Jc5d3c	48.999	9.435	64.405	35.595	
9d9c2c	48.998	10.306	66.635	33.365	
5c3c2d	48.997	9.966	64.098	35.902	
8d7c5c	48.997	8.965	53.918	46.082	
Tc9c4d	48.994	8.987	55.056	44.944	
7c6c4c	48.994	8.997	24.953	75.047	
Tc4c2c	48.993	9.539	38.211	61.789	
9c6c4d	48.983	9.497	62.069	37.931	
9c6d5c	48.980	9.148	58.516	41.484	
9c6d4c	48.980	9.497	62.156	37.844	
9h7d5c	48.978	9.301	60.543	39.457	
9c5c4d	48.978	9.564	64.378	35.622	
QdQh3c	48.977	10.003	70.420	29.580	
9d8c6c	48.977	8.887	52.205	47.795	
8c4c3c	48.973	9.258	31.822	68.178	
Td8c6c	48.972	9.124	56.368	43.632	
8h6d4c	48.971	9.684	59.649	40.351	
Tc9d4c	48.969	9.036	55.284	44.716	
9c7c3d	48.968	9.235	58.015	41.985	
8d5c4c	48.968	9.354	61.548	38.452	
6d6c3c	48.967	10.408	63.691	36.309	
Qh9d8c	48.967	8.661	44.349	55.651	
5c4d3c	48.966	9.521	63.039	36.961	
Jd6c4c	48.965	9.288	61.508	38.492	
9d6c5c	48.964	9.101	57.966	42.034	
5c4c3d	48.964	9.503	63.308	36.692	
8c5c4d	48.964	9.398	61.300	38.700	
6c3d3c	48.961	10.508	62.603	37.397	
9d6c4c	48.960	9.487	61.726	38.274	
Jc6c3d	48.958	9.349	62.671	37.329	
Qh6d2c	48.954	9.956	71.281	28.719	
6c5c4c	48.954	9.102	22.644	77.356	
6c4c3c	48.954	9.257	33.141	66.859	
9c8d6c	48.953	8.873	52.068	47.932	
9d5c4c	48.952	9.506	63.662	36.338	
8d8c2c	48.952	10.384	66.521	33.479	
Jh8d6c	48.952	8.985	58.352	41.648	
Jc4c3d	48.952	9.516	65.700	34.300	
9c5d4c	48.951	9.512	62.941	37.059	
9c6c2c	48.948	9.270	27.171	72.829	
Jc4d3c	48.947	9.490	65.279	34.721	
Jc6d3c	48.944	9.325	62.006	37.994	
9c8d4c	48.943	9.074	54.946	45.054	
Tc9c6d	48.942	8.655	55.453	44.547	
7h5d4c	48.942	9.573	60.943	39.057	
9c6c5d	48.941	9.112	57.557	42.443	
JdJh3c	48.940	10.005	71.236	28.764	
8c7d5c	48.938	8.934	53.527	46.473	
Tc9d5c	48.938	8.982	57.371	42.629	
9c4c2c	48.935	9.325	31.372	68.628	
Tc9d6c	48.934	8.690	55.701	44.299	
9c8c4d	48.932	9.026	54.719	45.281	
8c5d4c	48.932	9.352	60.808	39.192	
7d7c2c	48.931	10.438	66.717	33.283	
Jd9c3c	48.930	8.946	52.275	47.725	
9d8c4c	48.929	9.061	54.985	45.015	
9c8c6d	48.929	8.834	51.962	48.038	
Jh9d6c	48.921	8.955	56.476	43.524	
8c6c2c	48.918	9.302	28.766	71.234	
Tc9c5d	48.915	8.875	56.902	43.098	
Tc8c5d	48.913	9.244	61.485	38.515	
Tc6c2c	48.912	9.453	34.364	65.636	
Qh3d2c	48.904	9.969	70.870	29.130	
TdTh5c	48.903	10.026	71.547	28.453	
8c7d4c	48.901	8.972	57.315	42.685	
9c8c2c	48.899	9.064	23.008	76.992	
9c8d5c	48.893	8.839	56.726	43.274	
Tc9c7d	48.891	8.490	48.661	51.339	
9h7d4c	48.887	9.399	61.108	38.892	
8d7c4c	48.885	8.961	57.150	42.850	
Th3d3c	48.884	10.447	64.442	35.558	
9c7d3c	48.884	9.182	57.073	42.927	
Jh8d4c	48.880	9.038	56.219	43.781	
Tc7c2c	48.879	9.267	28.150	71.850	
Tc8d4c	48.877	9.290	60.272	39.728	
9d8c5c	48.875	8.827	56.671	43.329	
7c4c3c	48.875	9.120	26.751	73.249	
8c7c4d	48.870	8.915	56.623	43.377	
8c7c3c	48.867	8.940	20.345	79.655	
Jh7d4c	48.867	9.058	60.860	39.140	
Jh7d6c	48.865	8.806	62.002	37.998	
Jc5d2c	48.865	9.511	64.194	35.806	
Jh9d4c	48.864	9.127	56.554	43.446	
8c7c5d	48.861	8.845	53.197	46.803	
8c4c2c	48.853	9.307	32.604	67.396	
Tc3c2c	48.852	9.419	34.746	65.254	
Tc9d7c	48.851	8.501	47.725	52.275	
9d7c3c	48.841	9.153	56.720	43.280	
Tc9c3d	48.840	8.905	53.175	46.825	
Jd8c3c	48.836	8.869	52.192	47.808	
9c8c5d	48.832	8.763	55.810	44.190	
7d6c4c	48.829	9.197	55.304	44.696	
5d5h3c	48.827	10.517	65.911	34.089	
Jh5d4c	48.825	9.427	69.095	30.905	
9c6c3d	48.825	9.371	60.321	39.679	
9c3c2c	48.815	9.220	28.531	71.469	
Jh8d5c	48.814	8.900	57.168	42.832	
Jh7d5c	48.811	9.008	61.984	38.016	
9c6d3c	48.811	9.354	60.254	39.746	
9h8d6c	48.809	8.885	52.172	47.828	
4c3d3c	48.808	10.560	61.602	38.398	
Td9c4c	48.806	8.890	53.970	46.030	
Tc8d5c	48.804	9.232	61.489	38.511	
Tc9d3c	48.802	8.932	53.027	46.973	
Jh6d5c	48.802	9.238	67.313	32.687	
Tc8c3d	48.801	9.271	58.610	41.390	
9h6d4c	48.801	9.603	60.520	39.480	
5d5c2c	48.797	10.358	67.930	32.070	
TdTc3c	48.797	9.737	69.822	30.178	
TdTh4c	48.796	10.095	71.160	28.840	
9c8c3d	48.796	8.935	53.308	46.692	
4d4c3c	48.796	10.447	62.946	37.054	
6c5c3c	48.795	9.183	31.166	68.834	
9c8d3c	48.795	8.966	53.167	46.833	
7c6d4c	48.793	9.175	54.915	45.085	
7c6c4d	48.792	9.146	54.744	45.256	
9d6c3c	48.792	9.345	59.952	40.048	
Jd7c3c	48.791	8.863	55.363	44.637	
7c6c3c	48.790	8.979	21.738	78.262	
9h8d4c	48.787	9.114	54.465	45.535	
Jh9d5c	48.787	8.952	56.601	43.399	
5h3d3c	48.786	10.770	60.110	39.890	
Jd5c3c	48.784	9.289	61.487	38.513	
Jd4c3c	48.782	9.327	62.029	37.971	
9d8c3c	48.781	8.953	53.267	46.733	
Jc5c2d	48.778	9.535	63.685	36.315	
9h6d5c	48.776	9.177	64.987	35.013	
8h7d5c	48.775	8.908	56.254	43.746	
6d6h3c	48.774	10.653	63.569	36.431	
5h3d2c	48.773	9.975	61.256	38.744	
8h5d4c	48.771	9.435	62.899	37.101	
8h7d4c	48.771	9.004	58.757	41.243	
Td9c5c	48.770	8.826	56.164	43.836	
Tc8c7d	48.769	8.622	50.381	49.619	
Th8d6c	48.765	9.210	57.546	42.454	
6h3d3c	48.763	10.721	61.170	38.830	
Td9c6c	48.760	8.550	54.304	45.696	
Jc8c7d	48.757	8.290	46.263	53.737	
9c5c3d	48.755	9.491	61.953	38.047	
9h5d4c	48.753	9.624	62.372	37.628	
Td9c7c	48.753	8.407	46.707	53.293	
9d9h2c	48.750	10.554	65.980	34.020	
9h7d3c	48.746	9.273	57.970	42.030	
8c7c6c	48.741	8.654	13.626	86.374	
Jh6d4c	48.736	9.426	66.547	33.453	
Jc9c2d	48.734	9.079	55.277	44.723	
9d5c3c	48.730	9.465	61.722	38.278	
9c5d3c	48.720	9.422	60.991	39.009	
8c7c2c	48.716	9.031	21.813	78.187	
QdQc2c	48.714	9.782	68.760	31.240	
Jh9d3c	48.713	9.044	55.092	44.908	
Jc8d7c	48.711	8.264	46.046	53.954	
5h4d3c	48.705	9.497	61.594	38.406	
Tc7d4c	48.702	9.075	59.387	40.613	
8c6c3d	48.701	9.462	58.642	41.358	
JdJc2c	48.701	9.728	69.745	30.255	
Jd6c3c	48.700	9.136	58.060	41.940	
9h8d5c	48.696	8.830	55.302	44.698	
8d8h2c	48.695	10.631	66.170	33.830	
Tc5c4d	48.694	9.465	66.102	33.898	
9d4c3c	48.691	9.511	61.369	38.631	
Jc9d2c	48.691	9.060	54.606	45.394	
Tc7d5c	48.689	9.118	61.781	38.219	
8c7d3c	48.687	8.990	53.040	46.960	
7c4c2c	48.687	9.257	31.641	68.359	
Td8c4c	48.685	9.121	57.900	42.100	
8d5c3c	48.680	9.506	59.596	40.404	
8c3c2c	48.678	9.201	29.324	70.676	
8c5c3d	48.678	9.515	59.698	40.302	
7d7h2c	48.673	10.694	65.961	34.039	
Tc7c4d	48.671	9.045	58.853	41.147	
8d7c3c	48.671	8.978	52.784	47.216	
Tc6d5c	48.670	9.306	65.503	34.497	
8c7c3d	48.669	8.940	52.972	47.028	
Jc2d2c	48.667	9.957	64.187	35.813	
Tc5d4c	48.665	9.400	64.865	35.136	
7h6d4c	48.661	9.202	54.527	45.473	
7c5c3d	48.660	9.550	59.276	40.724	
9h8d3c	48.659	9.014	52.871	47.129	
Jh8d3c	48.652	8.963	55.515	44.485	
8d6c3c	48.648	9.424	57.697	42.303	
9h6d3c	48.648	9.458	58.097	41.903	
8c5d3c	48.644	9.451	58.683	41.317	
Jd5c2c	48.644	9.368	60.920	39.080	
Jh7d3c	48.642	8.974	58.609	41.391	
Jc4d2c	48.641	9.460	63.398	36.602	
Td9c3c	48.641	8.794	51.803	48.197	
8c6d3c	48.640	9.417	57.543	42.457	
7c6c2c	48.637	9.153	25.890	74.110	
Tc8d3c	48.636	9.176	57.020	42.980	
9c4c3d	48.634	9.490	61.141	38.859	
Tc6c5d	48.632	9.245	63.702	36.298	
9c4d3c	48.630	9.470	60.901	39.099	
Jc8d2c	48.627	8.994	55.112	44.888	
Tc6c4d	48.619	9.388	64.472	35.528	
Tc8d7c	48.618	8.533	49.670	50.330	
Tc6d4c	48.616	9.387	64.550	35.450	
7d5c3c	48.615	9.509	59.588	40.412	
Qh9d2c	48.612	9.459	62.373	37.627	
Tc7c5d	48.610	9.035	60.292	39.708	
Td8c5c	48.607	9.055	59.038	40.962	
Jc7d2c	48.595	9.016	57.074	42.926	
6d5c4c	48.593	9.168	58.971	41.029	
Th9d4c	48.591	8.939	52.074	47.926	
6c5c4d	48.591	9.176	58.764	41.236	
6c4c2c	48.589	9.321	35.614	64.386	
6d4c3c	48.578	9.637	59.637	40.363	
8d4c3c	48.575	9.549	59.776	40.224	
7d4c3c	48.568	9.359	60.756	39.244	
9d5c2c	48.563	9.548	61.669	38.331	
7d6c3c	48.562	9.133	58.810	41.190	
4c3d2c	48.562	9.367	65.505	34.495	
4d3c2c	48.559	9.349	65.364	34.636	
Th9d6c	48.559	8.566	50.209	49.791	
9c5d2c	48.559	9.502	61.144	38.856	
8h7d3c	48.558	9.039	56.609	43.391	
6c5d4c	48.556	9.171	58.613	41.387	
7c5d3c	48.545	9.437	58.550	41.450	
Jc8c2d	48.545	8.943	54.351	45.649	
Tc7d6c	48.542	8.635	52.413	47.587	
Td7c5c	48.539	8.979	59.181	40.819	
8c7d6c	48.538	8.322	49.379	50.621	
7c6c3d	48.533	9.088	58.169	41.831	
9c8c7c	48.530	8.512	12.389	87.611	
9h5d3c	48.529	9.506	57.413	42.587	
4c3c2d	48.529	9.338	65.174	34.826	
8d5c2c	48.528	9.568	59.908	40.092	
7c6d3c	48.526	9.112	58.490	41.510	
Jc4c2d	48.523	9.413	62.364	37.636	
7c3c2c	48.521	9.154	29.646	70.354	
Th9d7c	48.521	8.402	43.256	56.744	
Jh5d3c	48.516	9.383	65.996	34.004	
TdTh3c	48.514	9.943	69.464	30.536	
Tc7c6d	48.498	8.612	51.981	48.019	
6c4c3d	48.497	9.615	58.658	41.342	
8c5d2c	48.497	9.511	59.090	40.910	
Th9d5c	48.494	8.809	51.793	48.207	
6c4d3c	48.493	9.597	58.667	41.333	
Jc3d2c	48.492	9.327	61.109	38.891	
8c4c3d	48.491	9.514	59.103	40.897	
Td5c4c	48.490	9.239	62.414	37.586	
8d7c6c	48.487	8.265	48.212	51.788	
8c4d3c	48.486	9.495	59.004	40.996	
Jc6d2c	48.486	9.287	60.032	39.968	
Td7c4c	48.479	8.900	55.847	44.153	
Th8d4c	48.479	9.225	56.302	43.698	
4d4c2c	48.478	10.420	63.253	36.747	
Tc7d3c	48.477	8.958	55.833	44.167	
Jd9c2c	48.477	8.883	51.438	48.562	
9c5c2d	48.477	9.501	61.245	38.755	
Jh6d3c	48.475	9.273	63.400	36.600	
Td6c5c	48.473	9.090	61.486	38.514	
5d5h2c	48.471	10.552	66.840	33.160	
8h6d3c	48.469	9.515	57.851	42.149	
8c7c6d	48.466	8.255	47.858	52.142	
8h5d3c	48.465	9.524	55.697	44.303	
Tc7c3d	48.458	8.946	55.996	44.004	
7c4c3d	48.458	9.313	59.786	40.214	
4h3d3c	48.457	10.581	57.253	42.747	
Jh4d3c	48.456	9.421	67.019	32.981	
7c4d3c	48.454	9.297	59.688	40.312	
Jc7c2d	48.452	8.937	56.413	43.587	
Td8c3c	48.449	9.016	54.377	45.623	
Th9d3c	48.449	8.853	50.995	49.005	
Jd8c7c	48.443	8.053	43.055	56.945	
4d4h3c	48.442	10.499	59.477	40.523	
6d6c2c	48.424	10.364	63.729	36.271	
Td6c4c	48.422	9.224	61.459	38.541	
6c3c2c	48.418	9.199	28.777	71.223	
8c5c2d	48.414	9.504	58.884	41.116	
9h4d3c	48.413	9.537	57.613	42.387	
Td8c7c	48.411	8.344	47.428	52.572	
Tc9d8c	48.402	8.168	35.958	64.042	
Tc5c3d	48.399	9.413	63.087	36.913	
Jd4c2c	48.393	9.256	59.877	40.123	
9c7d2c	48.393	9.122	55.337	44.663	
Jd8c2c	48.388	8.806	51.767	48.233	
7h5d3c	48.378	9.514	57.048	42.952	
7h6d3c	48.378	9.177	57.785	42.215	
Jc6c2d	48.375	9.241	59.827	40.173	
Tc6c3d	48.375	9.254	60.910	39.090	
Jc3c2d	48.368	9.253	59.862	40.138	
Tc5d3c	48.364	9.328	62.110	37.890	
9c7c2d	48.362	9.105	55.553	44.447	
Tc6d3c	48.362	9.233	60.396	39.604	
6h5d4c	48.357	9.187	61.928	38.072	
6d5c3c	48.357	9.435	58.546	41.454	
6d5c2c	48.355	9.758	61.143	38.857	
6c5c3d	48.354	9.411	58.309	41.691	
9d7c2c	48.351	9.094	55.304	44.696	
8h7d6c	48.347	8.282	51.577	48.423	
Tc9d2c	48.346	8.871	52.701	47.299	
Th8d5c	48.340	9.097	57.362	42.638	
Jc9c8d	48.336	8.070	36.742	63.258	
9c6d2c	48.336	9.293	58.916	41.084	
Tc4c3d	48.335	9.401	63.089	36.911	
3d3c2c	48.334	10.358	59.550	40.450	
9c8d2c	48.332	8.902	52.853	47.147	
Tc4d3c	48.331	9.378	62.847	37.153	
Jd7c2c	48.325	8.818	53.658	46.342	
6c5d2c	48.325	9.705	60.499	39.501	
9c4d2c	48.325	9.418	59.214	40.786	
9d6c2c	48.319	9.286	58.646	41.354	
9d8c2c	48.318	8.889	52.949	47.051	
6c5d3c	48.317	9.388	57.826	42.174	
Tc9c8d	48.315	8.097	33.925	66.075	
Td7c6c	48.307	8.436	50.224	49.776	
7d5c2c	48.299	9.610	58.381	41.619	
Th7d4c	48.299	8.968	55.937	44.063	
9d4c2c	48.298	9.411	58.727	41.273	
Jh8d7c	48.280	8.051	42.356	57.644	
6h4d3c	48.277	9.634	57.184	42.816	
Th8d7c	48.275	8.390	45.365	54.635	
8h4d3c	48.271	9.542	55.950	44.050	
7h4d3c	48.270	9.366	59.919	40.081	
QdQh2c	48.267	9.867	68.875	31.125	
8c4d2c	48.264	9.450	57.876	42.124	
8d4c2c	48.263	9.454	58.025	41.975	
JdJh2c	48.262	9.867	69.755	30.245	
TdTc2c	48.260	9.654	68.535	31.465	
Tc9c2d	48.260	8.775	52.026	47.974	
Td7c3c	48.259	8.792	52.928	47.072	
8d6c2c	48.255	9.382	57.289	42.711	
Jh5d2c	48.252	9.431	64.516	35.484	
Th8d3c	48.251	9.134	55.904	44.096	
6c5c2d	48.250	9.662	60.353	39.647	
Jd6c2c	48.245	9.103	56.390	43.610	
8c6d2c	48.245	9.374	57.134	42.866	
Jd3c2c	48.241	9.110	57.828	42.172	
7c5c2d	48.241	9.579	58.034	41.966	
9h5d2c	48.241	9.538	55.743	44.257	
7c5d2c	48.238	9.539	57.542	42.458	
9c2d2c	48.237	9.752	57.948	42.052	
Jc9d8c	48.235	8.013	36.301	63.699	
9c6c2d	48.234	9.241	58.163	41.837	
Tc8c2d	48.224	9.135	57.207	42.793	
Td4c3c	48.222	9.260	60.429	39.571	
Tc5d2c	48.222	9.399	61.985	38.015	
9c3d2c	48.218	9.287	57.251	42.749	
9c8c2d	48.216	8.802	52.080	47.920	
9c4c2d	48.215	9.364	58.373	41.627	
2d2c2h	48.214	10.751	51.125	48.875	
Th7d5c	48.213	8.956	58.033	41.967	
Jh2d2c	48.210	10.078	64.128	35.872	
Th5d4c	48.209	9.340	61.552	38.448	
8c7d2c	48.207	8.925	52.553	47.447	
Td5c3c	48.202	9.223	59.797	40.203	
8h5d2c	48.195	9.526	54.796	45.204	
8c6c2d	48.191	9.349	57.158	42.842	
8d7c2c	48.191	8.913	52.476	47.524	
4h3d2c	48.191	9.327	61.775	38.225	
9d3c2c	48.187	9.262	57.014	42.986	
Td9c2c	48.185	8.735	51.300	48.700	
Tc8d2c	48.183	9.108	56.585	43.415	
Th6d5c	48.182	9.186	64.055	35.945	
9c8d7c	48.177	7.976	38.834	61.166	
Th6d4c	48.175	9.318	59.912	40.088	
Td6c3c	48.172	9.079	57.501	42.499	
8c4c2d	48.154	9.393	56.783	43.217	
4d4h2c	48.145	10.545	59.238	40.762	
Th7d6c	48.135	8.477	54.263	45.737	
Tc5c2d	48.132	9.411	61.581	38.419	
7d4c2c	48.119	9.432	57.194	42.806	
9c8c7d	48.114	7.923	37.257	62.743	
Td9c8c	48.112	7.959	31.353	68.647	
9c3c2d	48.102	9.214	56.198	43.802	
6h5d3c	48.094	9.419	55.950	44.050	
5c2d2c	48.094	10.238	58.456	41.544	
Jh9d2c	48.092	8.891	53.039	46.961	
8c2d2c	48.092	9.770	57.023	42.977	
7c4d2c	48.092	9.414	56.770	43.230	
Th7d3c	48.088	8.855	52.099	47.901	
9d8c7c	48.087	7.898	36.805	63.195	
9h7d2c	48.085	9.133	56.981	43.019	
6d6h2c	48.085	10.550	61.513	38.487	
8c7c2d	48.075	8.807	51.627	48.373	
8c3d2c	48.074	9.304	55.556	44.444	
8d3c2c	48.068	9.292	55.348	44.652	
Td5c2c	48.053	9.295	59.186	40.814	
7d6c2c	48.046	9.196	54.978	45.022	
Jh8d2c	48.037	8.807	54.253	45.747	
9h8d2c	48.031	8.855	52.084	47.916	
Tc4d2c	48.021	9.338	60.587	39.413	
Jh4d2c	48.020	9.330	64.770	35.230	
3d3h2c	48.017	10.444	53.753	46.247	
7c6d2c	48.008	9.175	54.695	45.305	
9h6d2c	48.006	9.308	55.907	44.093	
Jh7d2c	48.003	8.846	57.521	42.479	
Tc7d2c	48.002	8.899	55.354	44.646	
9h2d2c	47.997	9.923	56.890	43.110	
Td8c2c	47.997	8.951	53.876	46.124	
Tc2d2c	47.993	9.757	60.496	39.504	
6h5d2c	47.983	9.722	57.726	42.274	
9h4d2c	47.981	9.412	55.122	44.878	
7c4c2d	47.981	9.354	55.928	44.072	
Jd9c8c	47.969	7.811	30.976	69.024	
8c3c2d	47.959	9.230	54.434	45.566	
7d3c2c	47.938	9.284	55.206	44.794	
8h4d2c	47.934	9.401	52.796	47.204	
Th6d3c	47.929	9.173	56.079	43.921	
7c2d2c	47.922	9.728	55.584	44.416	
7h5d2c	47.920	9.554	54.356	45.644	
8h6d2c	47.920	9.386	56.272	43.728	
7c3d2c	47.915	9.282	54.819	45.181	
9h8d7c	47.915	7.887	42.104	57.896	
8h7d2c	47.912	8.883	55.244	44.756	
7c6c2d	47.910	9.082	54.218	45.782	
Th5d3c	47.908	9.267	57.639	42.361	
Tc4c2d	47.903	9.285	59.347	40.653	
Tc6d2c	47.898	9.192	59.742	40.258	
9h3d2c	47.887	9.251	53.398	46.602	
Tc3d2c	47.887	9.198	58.234	41.766	
Jh3d2c	47.887	9.175	62.408	37.592	
6d4c2c	47.877	9.555	57.803	42.197	
Th9d8c	47.874	7.950	36.564	63.436	
6c4d2c	47.874	9.554	57.478	42.522	
Th4d3c	47.866	9.292	58.307	41.693	
Tc7c2d	47.859	8.815	54.243	45.757	
4c2d2c	47.858	10.071	56.113	43.887	
Jh6d2c	47.849	9.159	59.899	40.101	
8h2d2c	47.848	9.918	55.767	44.233	
TdTh2c	47.834	9.803	68.137	31.863	
Td4c2c	47.827	9.173	57.901	42.099	
Th9d2c	47.826	8.701	50.259	49.741	
7c3c2d	47.800	9.207	53.786	46.214	
Tc6c2d	47.788	9.140	59.254	40.746	
Td7c2c	47.787	8.738	52.207	47.793	
6c2d2c	47.779	10.015	56.311	43.689	
5h2d2c	47.773	10.263	51.900	48.100	
7h4d2c	47.770	9.361	50.510	49.490	
6c4c2d	47.765	9.499	56.851	43.149	
Tc3c2d	47.764	9.122	56.897	43.103	
8h3d2c	47.745	9.248	51.371	48.629	
3c2d2c	47.744	9.860	53.726	46.274	
Td6c2c	47.710	9.040	56.728	43.272	
Td3c2c	47.689	9.022	55.508	44.492	
7h6d2c	47.689	9.158	55.542	44.458	
7h2d2c	47.686	9.868	53.756	46.244	
6c3d2c	47.683	9.336	57.646	42.354	
6d3c2c	47.682	9.323	57.595	42.405	
Jh9d8c	47.672	7.783	33.531	66.469	
Th5d2c	47.637	9.303	57.301	42.699	
Th8d2c	47.631	8.974	54.541	45.459	
7h3d2c	47.594	9.224	47.897	52.103	
6c3c2d	47.570	9.267	56.791	43.209	
Th2d2c	47.542	9.830	57.398	42.602	
4h2d2c	47.541	10.077	48.427	51.573	
6h4d2c	47.484	9.474	50.914	49.086	
6h2d2c	47.453	10.102	52.371	47.629	
3h2d2c	47.452	9.871	45.980	54.020	
Th7d2c	47.443	8.724	53.467	46.533	
Th4d2c	47.426	9.187	55.930	44.070	
Th3d2c	47.307	9.024	54.711	45.289	
Th6d2c	47.296	9.049	54.246	45.754	
6h3d2c	47.288	9.288	54.520	45.480