AcKc9d	58.708	12.543	63.683	36.317	
AcKcQd	58.628	12.364	62.710	37.290	
AcKdKc	58.425	13.752	77.292	22.708	
AcKc5d	58.425	13.024	74.027	25.973	
AhKdQc	58.348	12.234	50.539	49.461	
AhKd9c	58.343	12.409	51.301	48.699	
AdKcQc	58.270	12.139	56.434	43.566	
AcKd9c	58.242	12.283	54.799	45.201	
AcKc8d	58.219	12.663	66.599	33.401	
AdKc9c	58.217	12.161	52.353	47.647	
AcKdQc	58.205	12.227	57.985	42.015	
AcKc6d	58.173	12.925	71.812	28.188	
AcKcTd	58.150	11.958	54.349	45.651	
AcKc7d	58.120	12.699	68.540	31.460	
AdKc5c	58.058	12.666	65.598	34.402	
AcKd6c	58.019	12.782	67.484	32.516	
AcKd5c	57.993	12.726	66.709	33.291	
AhKd5c	57.955	12.874	62.755	37.245	
AdKcTc	57.938	11.840	48.024	51.976	
AhQdQc	57.913	12.392	59.742	40.258	
AhKdTc	57.905	11.867	42.548	57.452	
AcKc4d	57.866	12.934	73.820	26.180	
AcKd8c	57.852	12.426	59.604	40.396	
AcKd7c	57.840	12.517	62.114	37.886	
AdKc8c	57.826	12.302	56.694	43.306	
AcKdTc	57.817	11.891	49.674	50.326	
AhKd8c	57.778	12.532	56.994	43.006	
AdKc6c	57.714	12.492	61.375	38.625	
AhKd6c	57.690	12.778	60.985	39.015	
AdKc7c	57.673	12.312	57.755	42.245	
AcKd4c	57.668	12.732	67.763	32.237	
AhKd7c	57.663	12.564	57.492	42.508	
AdAcKc	57.620	12.832	70.369	29.631	
AhKdKc	57.597	13.323	68.072	31.928	
AcKcJd	57.593	11.590	46.576	53.424	
AcQdQc	57.588	11.997	57.001	42.999	
AdKc4c	57.386	12.458	63.512	36.488	
AhKd4c	57.368	12.760	64.208	35.792	
AcKc3d	57.313	12.738	70.226	29.774	
AdKcJc	57.309	11.452	40.392	59.608	
AhKdJc	57.292	11.451	34.575	65.425	
AcKd3c	57.156	12.546	65.255	34.745	
AcKc2d	57.102	12.625	67.042	32.958	
AcKdJc	57.088	11.459	41.582	58.418	
AdJcTc	56.997	11.110	32.070	67.930	
AdQcJc	56.937	10.919	19.135	80.865	
AdQc5c	56.927	11.203	40.158	59.842	
AcKd2c	56.885	12.428	61.571	38.429	
AdKc3c	56.839	12.246	59.394	40.606	
AdQc9c	56.813	10.924	31.869	68.131	
AhKd3c	56.804	12.547	60.411	39.589	
AdAhKc	56.779	12.419	60.570	39.430	
AdKc2c	56.743	12.216	56.899	43.101	
AhQd5c	56.733	11.042	36.658	63.342	
AdQc8c	56.708	10.814	33.926	66.074	
AhJdTc	56.666	10.856	23.748	76.252	
AcQd6c	56.617	11.137	41.245	58.755	
AcQd5c	56.610	10.973	38.265	61.735	
AhKd2c	56.603	12.445	56.853	43.147	
AhQd8c	56.590	10.697	30.098	69.902	
AdQc6c	56.588	11.135	39.491	60.509	
AhQdJc	56.573	10.614	11.964	88.036	
AcJdTc	56.531	10.849	28.031	71.969	
AcQd8c	56.530	10.682	33.188	66.812	
AdQc7c	56.502	10.881	33.289	66.711	
AcQc5d	56.501	10.861	38.884	61.116	
AhQd9c	56.490	10.727	28.246	71.754	
AdQcTc	56.473	10.620	16.139	83.861	
AcQd7c	56.457	10.828	33.823	66.177	
AhQd7c	56.376	10.784	31.420	68.580	
AcQd9c	56.372	10.655	28.706	71.294	
AdQc4c	56.367	11.156	41.676	58.324	
AhQd6c	56.364	11.048	38.651	61.349	
AcQd4c	56.347	11.120	41.808	58.192	
AcJcTd	56.331	10.754	26.446	73.554	
AcQc8d	56.321	10.525	35.121	64.879	
Ac9d9c	56.308	12.014	58.118	41.882	
Ah9d9c	56.295	12.226	64.493	35.507	
AdAhQc	56.292	11.398	48.699	51.301	
KhJdJc	56.282	11.924	75.677	24.323	
AcQcJd	56.280	10.510	13.935	86.065	
AcQdJc	56.236	10.534	14.235	85.765	
AcQc9d	56.232	10.548	30.006	69.994	
AhJdJc	56.219	11.722	51.662	48.338	
AhQdTc	56.215	10.372	9.455	90.545	
AcQc6d	56.173	10.847	38.682	61.318	
AcQc7d	56.144	10.597	33.810	66.190	
AhQd4c	56.138	11.078	42.150	57.850	
KcJdJc	56.130	11.474	67.127	32.873	
AcKc6c	56.113	11.815	64.497	35.503	
Kh9d9c	56.106	13.211	96.243	3.757	
AcQdTc	56.090	10.397	13.134	86.866	
AcKc5c	56.080	11.739	63.823	36.177	
Kc9d9c	56.054	12.708	93.707	6.293	
AdAcQc	56.040	11.021	45.113	54.887	
AcQcTd	55.967	10.296	11.438	88.562	
AcQc4d	55.956	10.874	40.592	59.408	
Ac8d8c	55.950	12.032	60.376	39.624	
AcKc8c	55.929	11.473	58.955	41.045	
AcKc7c	55.917	11.579	61.198	38.802	
AcQd3c	55.913	10.994	40.152	59.848	
AdQc3c	55.885	10.998	39.159	60.841	
AcKc9c	55.877	11.155	52.433	47.567	
Kc7d7c	55.848	12.920	93.685	6.315	
KcTdTc	55.845	11.598	70.899	29.101	
KhTdTc	55.808	11.848	75.155	24.845	
AcKc4c	55.788	11.700	61.889	38.111	
AdQc2c	55.773	10.959	36.981	63.019	
Kc8d8c	55.763	12.825	90.065	9.935	
Kh7d7c	55.761	13.449	97.952	2.048	
Ah8d8c	55.747	12.126	66.151	33.849	
AcJdJc	55.727	11.234	48.341	51.659	
KdQcTc	55.695	10.674	23.667	76.333	
Ac7d7c	55.690	12.072	60.033	39.967	
AhQd3c	55.652	10.930	39.360	60.640	
AcQd2c	55.632	10.863	36.656	63.344	
Kh8d8c	55.613	13.278	96.278	3.722	
AcKcTc	55.600	11.066	59.965	40.035	
AcKcQc	55.597	10.984	54.219	45.781	
Kc6d6c	55.563	12.971	97.434	2.566	
AhTdTc	55.548	11.500	53.045	46.955	
Kh6d6c	55.520	13.549	98.330	1.670	
AcQc3d	55.484	10.734	39.512	60.488	
AhQd2c	55.441	10.833	35.945	64.055	
Ac5d5c	55.436	11.913	60.922	39.078	
KdQcJc	55.422	10.511	19.392	80.608	
QdJcTc	55.404	10.583	19.811	80.189	
AcTdTc	55.403	11.256	52.551	47.449	
AcKc3c	55.401	11.550	60.907	39.093	
KcQdTc	55.401	10.441	18.931	81.069	
QcJcTd	55.396	10.578	20.612	79.388	
KhQdQc	55.375	12.120	81.509	18.491	
KcQdQc	55.370	11.692	74.587	25.413	
Kc5d5c	55.370	12.636	87.031	12.969	
KdJcTc	55.353	10.151	14.489	85.511	
Kc4d4c	55.349	13.129	92.584	7.416	
Kh4d4c	55.328	13.691	96.967	3.033	
KhQdTc	55.316	10.432	18.298	81.702	
Ah7d7c	55.306	11.999	62.129	37.871	
Ah5d5c	55.280	12.084	65.973	34.027	
QcJdTc	55.267	10.503	19.327	80.673	
AcQc2d	55.264	10.628	36.848	63.152	
QcJcTc	55.259	11.059	45.811	54.189	
KcQcTd	55.250	10.348	18.777	81.223	
AcKc2c	55.237	11.475	59.526	40.474	
Kh5d5c	55.154	12.969	93.719	6.281	
QhJdTc	55.144	10.488	18.078	81.922	
KdJc5c	55.007	10.915	65.761	34.239	
KdJc6c	54.972	10.743	59.356	40.644	
KcJdTc	54.930	9.833	8.624	91.376	
KcQdJc	54.928	10.183	13.991	86.009	
Ac6d6c	54.921	11.974	60.125	39.875	
KhJdTc	54.917	9.814	10.656	89.344	
KdJc4c	54.900	10.891	63.469	36.531	
KhQdJc	54.883	10.184	14.429	85.571	
KdQc6c	54.876	11.339	66.888	33.112	
KcJcTd	54.849	9.797	7.933	92.067	
Kc3d3c	54.836	13.227	92.254	7.746	
AdJc5c	54.832	10.653	40.738	59.262	
KdQc5c	54.830	11.513	72.130	27.870	
KcQcJd	54.825	10.113	13.964	86.036	
Kh3d3c	54.812	13.837	93.686	6.314	
AdJc9c	54.805	10.287	35.454	64.546	
AcKcJc	54.760	10.538	48.660	51.340	
KcJd5c	54.739	10.638	62.354	37.646	
KdJc7c	54.732	10.430	54.675	45.325	
KcJc6d	54.731	10.455	55.291	44.709	
KhJd6c	54.726	10.685	62.768	37.232	
KdQc4c	54.714	11.454	71.194	28.806	
KdJc8c	54.714	10.432	52.601	47.399	
KcJc5d	54.708	10.552	60.866	39.134	
KdQc8c	54.695	11.043	59.998	40.002	
AcQc6c	54.692	10.632	39.552	60.448	
KcJc4d	54.683	10.606	60.665	39.335	
KhJd5c	54.679	10.779	66.491	33.509	
KhJd4c	54.669	10.871	67.518	32.482	
KdQc7c	54.668	11.058	60.719	39.281	
KcQc6d	54.660	11.025	60.831	39.169	
KdTc5c	54.659	11.133	73.720	26.280	
KdTc6c	54.658	10.973	72.997	27.003	
KhQd6c	54.648	11.386	72.135	27.865	
AcJcTc	54.642	10.558	45.041	54.959	
KcJd6c	54.628	10.444	54.056	45.944	
KcQd5c	54.622	11.276	68.897	31.103	
AdJc8c	54.598	10.202	35.890	64.110	
KcQd6c	54.588	11.083	62.557	37.443	
KcTc6d	54.580	10.831	72.724	27.276	
KdTc4c	54.578	11.096	71.782	28.218	
KcQc5d	54.568	11.117	66.155	33.845	
KcJd4c	54.542	10.578	58.637	41.363	
AdTc8c	54.537	10.495	49.510	50.490	
KcTc5d	54.530	10.915	72.378	27.622	
KcTc4d	54.526	10.962	72.053	27.947	
KhQd5c	54.526	11.472	74.857	25.143	
KcQc4d	54.525	11.140	65.411	34.589	
KhJd7c	54.525	10.336	57.771	42.229	
Ac4d4c	54.512	11.966	61.913	38.087	
AcQc9c	54.511	10.281	27.693	72.307	
KcJc7d	54.511	10.159	50.797	49.203	
AcJd5c	54.508	10.376	38.876	61.124	
KcQd8c	54.504	10.843	56.085	43.915	
AhJd5c	54.503	10.418	38.063	61.937	
KhQd4c	54.497	11.540	76.360	23.640	
KhQd7c	54.479	11.076	66.243	33.757	
KcQc7d	54.471	10.773	54.418	45.582	
KhQd8c	54.467	11.033	63.523	36.477	
KdTc8c	54.466	10.853	68.930	31.070	
KdJc3c	54.466	10.757	60.617	39.383	
KcTd5c	54.466	10.908	71.407	28.593	
KhTd6c	54.463	11.001	77.268	22.732	
AcQc5c	54.463	10.407	32.480	67.520	
AcQc4c	54.462	10.578	37.596	62.404	
KcQc8d	54.455	10.754	53.221	46.779	
AdJc6c	54.450	10.560	39.212	60.788	
AcJd6c	54.449	10.514	40.327	59.673	
KcQd7c	54.446	10.840	56.632	43.368	
KcJd7c	54.443	10.157	50.324	49.676	
KcJd8c	54.433	10.169	48.258	51.742	
KhJd8c	54.432	10.305	55.073	44.927	
AhJd9c	54.431	10.035	31.454	68.546	
KcJc8d	54.426	10.146	47.394	52.606	
AdJc7c	54.416	10.275	40.705	59.295	
KcQd4c	54.414	11.187	66.327	33.673	
KhTd4c	54.394	11.186	77.873	22.127	
KdTc7c	54.389	10.655	66.255	33.745	
AcJd9c	54.386	9.986	32.933	67.067	
KhTd5c	54.380	11.101	76.064	23.936	
KcTd6c	54.380	10.709	68.966	31.034	
AdTc5c	54.369	10.634	48.053	51.947	
Kh9d6c	54.367	11.604	94.311	5.689	
AcJd8c	54.360	10.003	34.945	65.055	
AcQc7c	54.349	10.291	31.263	68.737	
Ah6d6c	54.336	11.780	60.363	39.637	
Ad9c5c	54.331	10.556	42.054	57.946	
KcTc7d	54.331	10.524	66.567	33.433	
AcJd7c	54.330	10.174	41.215	58.785	
AdJc4c	54.328	10.608	40.439	59.561	
AcQc8c	54.327	10.154	28.569	71.431	
Kd9c6c	54.312	11.170	81.067	18.933	
Ac9d6c	54.311	10.677	45.233	54.767	
AhJd8c	54.307	9.984	32.928	67.072	
KcTd4c	54.289	10.826	68.053	31.947	
AcJd4c	54.283	10.527	41.174	58.826	
Ac9d5c	54.281	10.474	43.209	56.791	
Kc9c6d	54.279	11.078	81.616	18.384	
AcQcJc	54.279	10.246	30.790	69.210	
Kc6d5c	54.278	11.697	88.796	11.204	
KdQc3c	54.273	11.297	68.636	31.364	
Kc9d6c	54.268	11.093	80.673	19.327	
KcJc3d	54.266	10.494	57.697	42.303	
Kc9d5c	54.260	11.312	84.078	15.922	
AcTd8c	54.251	10.285	47.717	52.284	
KdKcJc	54.244	10.751	56.333	43.667	
Ac9c5d	54.244	10.435	42.909	57.091	
KhJd3c	54.242	10.760	65.761	34.239	
KcTc8d	54.241	10.641	67.711	32.289	
AdTc9c	54.236	10.071	37.917	62.083	
Ah9d5c	54.236	10.560	47.528	52.472	
KhTd7c	54.229	10.662	72.247	27.753	
AcJc5d	54.229	10.180	37.334	62.666	
KdKcQc	54.220	11.453	66.773	33.227	
Kh9d4c	54.215	11.798	90.083	9.917	
Kc5c4d	54.215	11.895	89.396	10.604	
Kd9c5c	54.214	11.337	83.124	16.876	
Kc8c6d	54.206	11.404	85.670	14.330	
KdKhJc	54.199	11.053	62.491	37.509	
Ac9d7c	54.193	10.441	42.612	57.388	
Kh9d5c	54.183	11.693	91.180	8.820	
KcTd7c	54.170	10.427	62.468	37.532	
Kd6c5c	54.165	11.625	85.927	14.073	
Kd9c4c	54.164	11.328	77.971	22.029	
AhTd8c	54.163	10.285	44.203	55.797	
Kc9c4d	54.158	11.249	78.898	21.102	
AhJd7c	54.157	10.102	35.816	64.184	
Kd8c6c	54.154	11.437	84.406	15.594	
KcTd8c	54.150	10.567	64.896	35.104	
Kd9c7c	54.149	10.969	80.257	19.743	
KdTc3c	54.148	10.947	68.225	31.775	
Kh6d5c	54.146	12.214	99.529	0.471	
Kh8d6c	54.138	11.942	99.383	0.617	
AcQc3c	54.133	10.471	36.341	63.659	
Kc9c5d	54.133	11.192	82.973	17.027	
Kh9d7c	54.131	11.295	90.248	9.752	
AdAhJc	54.128	10.678	42.539	57.461	
Kc6c5d	54.128	11.577	87.703	12.297	
AcTc8d	54.124	10.217	48.558	51.442	
Ac8d6c	54.122	10.854	51.401	48.599	
AcJc9d	54.121	9.831	30.911	69.089	
KcJd3c	54.112	10.451	55.426	44.574	
KhTd8c	54.111	10.780	71.927	28.073	
AcTd5c	54.110	10.404	46.523	53.477	
KcTc3d	54.109	10.836	68.942	31.058	
Ad9c7c	54.107	10.404	39.166	60.834	
Kc9d4c	54.105	11.241	78.401	21.599	
Kc7d5c	54.104	11.554	87.469	12.531	
Ac6c5d	54.099	11.089	54.132	45.868	
Kc8d5c	54.098	11.432	83.533	16.467	
KcQc3d	54.097	11.007	62.870	37.130	
Kc8d6c	54.096	11.354	84.220	15.780	
Kc8c4d	54.096	11.492	82.594	17.406	
Ac8c5d	54.096	10.610	47.612	52.388	
AcTd6c	54.089	10.563	52.863	47.137	
AhJd6c	54.087	10.393	37.710	62.290	
Kd5c4c	54.083	11.794	86.502	13.498	
KcQcTc	54.082	10.263	28.844	71.156	
Kc9d7c	54.081	10.874	79.771	20.229	
Kh6d4c	54.076	12.483	98.436	1.564	
Kh5d4c	54.072	12.414	98.771	1.229	
Kc8c5d	54.070	11.368	82.225	17.775	
Kd7c5c	54.062	11.589	85.464	14.536	
Kc6c4d	54.060	11.797	88.308	11.692	
Ad8c5c	54.059	10.637	45.237	54.763	
KhQd3c	54.056	11.408	74.657	25.343	
Ac9d4c	54.054	10.669	44.113	55.887	
Ad9c6c	54.049	10.519	40.714	59.286	
KdKhQc	54.046	11.766	74.573	25.427	
Kc9c7d	54.045	10.845	79.751	20.249	
Kc5d4c	54.043	11.740	86.925	13.075	
AdTc6c	54.042	10.550	51.105	48.895	
AcTc5d	54.042	10.361	48.426	51.574	
Kd6c4c	54.041	11.831	87.082	12.918	
Ac8d5c	54.041	10.579	47.131	52.869	
AhTd5c	54.038	10.438	44.129	55.871	
Kc6d4c	54.030	11.767	88.351	11.649	
KdJc2c	54.023	10.683	58.646	41.354	
AhTd9c	54.021	9.896	37.246	62.754	
Kd8c5c	54.019	11.448	81.940	18.059	
KcJcTc	54.019	10.097	23.142	76.858	
AcJc8d	54.018	9.789	32.465	67.535	
Ac3d3c	54.018	11.940	61.472	38.528	
AcQcTc	54.017	10.069	27.346	72.654	
Kh7d6c	54.006	11.676	99.823	0.177	
Kh8d4c	54.006	12.049	95.475	4.525	
Kc7c6d	54.005	11.139	82.292	17.708	
KdJc9c	54.002	9.996	36.015	63.985	
Kc7c5d	54.001	11.460	85.025	14.975	
Kc7c4d	54.000	11.439	83.215	16.785	
AcTd9c	54.000	9.885	37.753	62.247	
Kh7d4c	53.983	12.042	97.304	2.696	
Ac9c7d	53.979	10.295	40.677	59.323	
KcQd3c	53.976	11.036	63.652	36.348	
Kh8d5c	53.974	11.901	98.167	1.833	
Kd8c4c	53.974	11.492	80.876	19.124	
Ah9d7c	53.973	10.413	43.931	56.069	
AhJd4c	53.970	10.441	40.756	59.244	
KhTd3c	53.967	11.055	75.434	24.566	
Kc7d6c	53.967	11.115	82.056	17.944	
Kc9d8c	53.966	10.657	74.602	25.398	
KdTc9c	53.966	10.158	46.182	53.819	
Ah4d4c	53.965	11.800	61.730	38.270	
AdTc7c	53.963	10.255	46.958	53.042	
Kh7d5c	53.963	12.065	99.793	0.207	
Ac9c6d	53.962	10.456	42.314	57.686	
AcQc2c	53.960	10.400	35.119	64.881	
AcTc9d	53.953	9.879	38.368	61.632	
Ac7c5d	53.951	10.826	50.816	49.184	
Kh9d8c	53.948	10.984	84.047	15.953	
Kc8d4c	53.942	11.417	81.774	18.226	
Ah8d5c	53.942	10.678	54.424	45.576	
Ac9d8c	53.938	10.054	40.329	59.671	
AcTd7c	53.927	10.199	47.915	52.085	
Kd7c6c	53.925	11.102	79.580	20.420	
Ah9d6c	53.924	10.584	49.853	50.147	
Kc7d4c	53.920	11.390	82.857	17.143	
Kd7c4c	53.913	11.453	82.284	17.716	
AdJc3c	53.908	10.448	38.842	61.158	
AcJd3c	53.905	10.397	40.216	59.784	
AcTd4c	53.903	10.572	49.164	50.836	
AdTc4c	53.893	10.601	47.808	52.192	
Kd9c8c	53.891	10.647	72.801	27.199	
AcJc7d	53.885	9.872	39.191	60.809	
Ad8c6c	53.883	10.695	46.017	53.983	
KdQc9c	53.880	10.651	51.226	48.774	
KcQcJc	53.878	10.176	29.581	70.419	
Ad9c8c	53.874	10.033	36.533	63.467	
Ac8c6d	53.873	10.705	49.361	50.639	
Kc9c8d	53.861	10.600	74.307	25.693	
KcTd3c	53.861	10.684	64.365	35.635	
Ad7c5c	53.860	10.782	47.337	52.663	
AcJc6d	53.858	10.149	36.941	63.059	
Ac8d4c	53.856	10.775	49.842	50.158	
Ah9d8c	53.847	10.040	39.271	60.729	
Kh9d3c	53.838	11.694	88.423	11.577	
Ad6c5c	53.835	10.908	48.927	51.073	
Ad9c4c	53.834	10.550	40.192	59.808	
Ac9c8d	53.829	9.983	39.322	60.678	
KcTc9d	53.824	10.040	46.862	53.138	
KdQc2c	53.822	11.218	67.129	32.871	
AdJc2c	53.810	10.412	37.082	62.918	
Ac6d5c	53.801	10.889	51.121	48.879	
Ac7d5c	53.793	10.698	48.672	51.328	
Kc9c3d	53.791	11.140	77.065	22.935	
Kd9c3c	53.785	11.196	75.942	24.058	
Ac7d6c	53.767	10.740	50.101	49.899	
KcJc5c	53.763	10.388	35.507	64.493	
KhTd9c	53.761	10.067	45.449	54.551	
Kc5c3d	53.758	11.889	87.023	12.977	
Ac9c4d	53.749	10.493	41.704	58.296	
Kc8c7d	53.748	10.775	76.777	23.223	
AcJc4d	53.739	10.201	38.043	61.957	
AcTc6d	53.728	10.336	51.745	48.255	
Kc9d3c	53.724	11.105	76.098	23.902	
Ac8d7c	53.713	10.288	43.841	56.159	
Ac9d3c	53.713	10.540	42.515	57.485	
AhTd7c	53.705	10.112	42.997	57.003	
AcTc7d	53.702	10.049	47.940	52.060	
AdAcJc	53.700	10.177	36.208	63.792	
KdKcTc	53.699	10.814	61.051	38.949	
KdTc2c	53.699	10.871	66.425	33.575	
Kc8d7c	53.688	10.746	76.420	23.580	
Ah8d6c	53.688	10.774	55.171	44.829	
Ah9d4c	53.686	10.627	54.368	45.632	
AhTd6c	53.686	10.403	46.078	53.922	
Kh8d7c	53.685	11.161	92.289	7.711	
KcJc2d	53.676	10.356	54.657	45.343	
KcJd2c	53.674	10.384	53.522	46.478	
KcTd9c	53.663	9.914	44.042	55.958	
KcTc5c	53.662	10.562	45.391	54.609	
Kc8c3d	53.658	11.368	78.218	21.782	
Ac8c4d	53.653	10.672	47.981	52.019	
Kd5c3c	53.644	11.832	85.234	14.766	
Kc6c3d	53.642	11.598	83.009	16.991	
Kh6d3c	53.637	12.247	97.351	2.649	
AcJd2c	53.634	10.264	36.933	63.067	
Ah7d5c	53.632	10.802	55.545	44.455	
Ac7c6d	53.626	10.676	49.084	50.916	
Kd8c7c	53.623	10.727	73.150	26.850	
KhJd2c	53.616	10.601	62.162	37.838	
Kd6c3c	53.614	11.613	81.805	18.195	
Ad8c4c	53.613	10.629	44.956	55.044	
Ah6d5c	53.611	10.991	58.656	41.344	
Kd4c3c	53.609	11.762	83.686	16.314	
Ac8c7d	53.601	10.212	42.633	57.367	
Kc6d3c	53.600	11.537	82.145	17.855	
Ac6c4d	53.596	11.186	55.588	44.412	
Kc7c3d	53.595	11.339	80.863	19.137	
Kh5d3c	53.593	12.399	95.845	4.155	
KcJc9d	53.591	9.686	30.764	69.236	
Kc5d3c	53.579	11.693	83.653	16.347	
AcTc4d	53.578	10.396	48.340	51.660	
KcTc8c	53.575	10.346	34.026	65.974	
KcQc5c	53.566	10.645	41.805	58.195	
Ac7d4c	53.560	10.782	49.651	50.349	
Kh7d3c	53.557	11.917	94.053	5.947	
KhJd9c	53.556	9.758	34.006	65.994	
Ac6d4c	53.553	11.121	54.708	45.292	
AhJd3c	53.549	10.295	37.914	62.086	
Kh8d3c	53.542	11.911	92.192	7.808	
AhTd4c	53.532	10.472	48.654	51.346	
AcTd3c	53.529	10.438	47.433	52.567	
KcQd2c	53.528	10.961	62.281	37.719	
Kh4d3c	53.528	12.321	95.604	4.396	
Kc4c3d	53.528	11.701	85.613	14.387	
Kc4d3c	53.523	11.664	83.712	16.288	
Kd8c3c	53.521	11.345	76.011	23.989	
Kd5c2c	53.517	11.905	83.343	16.657	
KcTc2d	53.511	10.692	65.985	34.015	
Ad8c7c	53.505	10.172	38.967	61.033	
KcJd9c	53.505	9.633	30.662	69.338	
Kc7d3c	53.502	11.260	79.198	20.802	
Kc5c2d	53.499	11.896	84.775	15.225	
Kd7c3c	53.497	11.331	78.638	21.362	
KcQc2d	53.497	10.863	60.253	39.747	
KcJc6c	53.497	10.129	22.814	77.186	
Kc2d2c	53.491	12.708	86.255	13.745	
Kc8d3c	53.490	11.264	76.540	23.460	
AdTc3c	53.481	10.438	45.534	54.466	
KdKhTc	53.474	10.944	61.450	38.550	
KcJc8c	53.472	10.073	22.077	77.923	
Kc5d2c	53.464	11.769	82.672	17.328	
Ac7c4d	53.460	10.767	49.179	50.821	
Ad9c3c	53.457	10.397	38.177	61.823	
Ad7c6c	53.454	10.527	43.995	56.005	
Ah8d4c	53.447	10.728	57.038	42.962	
Ah8d7c	53.445	10.207	43.933	56.067	
Ac8d3c	53.437	10.635	45.757	54.243	
KcQc9d	53.427	10.297	44.777	55.223	
Ah3d3c	53.423	11.712	60.215	39.785	
Ac9d2c	53.422	10.379	38.658	61.342	
KhQd2c	53.417	11.238	72.204	27.796	
KcTd2c	53.416	10.615	62.555	37.445	
Ac2d2c	53.412	11.571	58.221	41.779	
KcTc6c	53.411	10.263	35.019	64.981	
KhQd9c	53.394	10.469	48.321	51.679	
KcQd9c	53.393	10.317	45.797	54.203	
KcJc4c	53.392	10.161	24.198	75.802	
AdTc2c	53.383	10.393	43.644	56.356	
KcQc8c	53.381	10.320	28.957	71.043	
KcQc6c	53.378	10.393	31.324	68.676	
Ac9c3d	53.376	10.354	40.271	59.729	
AhJd2c	53.357	10.199	34.982	65.018	
Ad9c2c	53.351	10.350	36.037	63.963	
AdAhTc	53.337	10.532	45.788	54.212	
Ad6c4c	53.337	10.947	49.562	50.438	
KcJc7c	53.336	9.985	21.629	78.371	
KhTd2c	53.332	10.891	71.870	28.130	
Kh2d2c	53.329	13.225	88.047	11.953	
Kh5d2c	53.329	12.429	97.171	2.829	
AcJc3d	53.328	10.060	37.751	62.249	
Ac5d4c	53.311	10.759	50.968	49.032	
Kd9c2c	53.308	11.104	74.173	25.827	
Ah9d3c	53.307	10.469	51.812	48.188	
KcTc4c	53.301	10.303	31.410	68.590	
Ah7d6c	53.294	10.617	51.123	48.877	
Ad7c4c	53.291	10.622	44.527	55.473	
AdAcTc	53.288	10.260	44.022	55.978	
AdAc9c	53.255	10.375	46.452	53.548	
AcTd2c	53.255	10.288	43.944	56.056	
Ac5d2c	53.252	10.831	47.334	52.666	
Kc9d2c	53.249	11.015	74.068	25.932	
KcQc7c	53.247	10.266	28.344	71.656	
KcTc7c	53.232	10.110	28.566	71.434	
KcQc4c	53.209	10.404	31.520	68.480	
AcTc8c	53.203	10.208	37.267	62.733	
Ac8c3d	53.201	10.525	44.360	55.640	
Ad5c2c	53.191	10.805	45.087	54.913	
Kc4d2c	53.189	11.653	80.455	19.545	
Kd4c2c	53.187	11.705	80.741	19.259	
Ac7d3c	53.181	10.637	46.727	53.273	
AcTc3d	53.173	10.250	47.253	52.747	
Kh9d2c	53.172	11.498	84.132	15.868	
Kc9c2d	53.169	10.983	74.297	25.703	
AdAh9c	53.169	10.540	50.209	49.791	
Ac9c2d	53.168	10.234	37.272	62.728	
Ac6c3d	53.162	10.995	50.727	49.273	
Ac8d2c	53.160	10.473	42.299	57.701	
Ad8c3c	53.160	10.471	41.397	58.603	
Ac6d3c	53.153	10.937	50.088	49.912	
Kd6c2c	53.152	11.574	79.596	20.404	
Ac8c6c	53.144	10.504	38.094	61.906	
Kc6d2c	53.141	11.502	79.981	20.019	
Kc7c5c	53.129	10.445	30.281	69.719	
AcJc2d	53.125	9.953	35.442	64.558	
AhTd3c	53.120	10.319	44.579	55.421	
Ac6c5c	53.111	10.618	39.316	60.684	
Ah9d2c	53.110	10.352	47.721	52.279	
Ah7d4c	53.106	10.723	55.203	44.797	
Kc8c5c	53.104	10.426	28.893	71.107	
Ad5c4c	53.097	10.644	46.918	53.082	
AcJc6c	53.088	10.239	34.154	65.846	
AcTc6c	53.087	10.428	45.318	54.682	
Ac6c4c	53.084	10.859	43.663	56.337	
Kc6c5c	53.073	10.406	28.027	71.973	
Ad8c2c	53.070	10.424	39.391	60.609	
Ah6d4c	53.058	11.088	61.813	38.187	
Kc9c5c	53.056	10.284	33.999	66.001	
Kd8c2c	53.055	11.263	75.084	24.916	
Kc4c2d	53.053	11.621	81.591	18.409	
Kc8c2d	53.049	11.219	76.413	23.587	
Ac7c3d	53.048	10.616	46.427	53.573	
Ac5c4d	53.046	10.616	48.362	51.638	
Ac5c2d	53.045	10.722	45.299	54.701	
Kh4d2c	53.042	12.243	91.657	8.343	
KdKc9c	53.041	10.967	70.149	29.851	
Kc6c2d	53.040	11.490	80.953	19.047	
KcJc3c	53.027	10.037	19.051	80.949	
Ac9c6c	53.026	10.265	32.127	67.873	
Kc8d2c	53.026	11.186	75.253	24.747	
Ac8c2d	53.009	10.402	41.371	58.629	
Kc7d2c	53.006	11.198	75.618	24.382	
Kc8c6c	53.005	10.233	23.192	76.808	
Kd7c2c	52.998	11.265	75.370	24.630	
Ah2d2c	52.997	11.486	57.596	42.404	
Kh6d2c	52.987	12.121	94.545	5.455	
Ah8d3c	52.978	10.573	55.431	44.569	
AcTc2d	52.968	10.130	44.490	55.510	
KcJc2c	52.959	10.135	19.927	80.073	
Kc7c2d	52.958	11.206	76.117	23.883	
Ac5d3c	52.955	10.677	48.579	51.421	
Ac7c6c	52.955	10.495	39.355	60.645	
Kc5c4c	52.954	10.451	30.414	69.586	
KcTc3c	52.937	10.163	24.316	75.684	
AcJc4c	52.936	10.211	33.210	66.790	
KdKh9c	52.934	11.199	72.128	27.872	
Ac7c5c	52.933	10.430	35.546	64.454	
AhTd2c	52.926	10.210	41.145	58.855	
AcJc9c	52.924	9.832	22.961	77.039	
Ac9c7c	52.920	10.091	29.738	70.262	
AcJc5c	52.915	10.046	28.611	71.389	
AcTc4c	52.915	10.388	40.809	59.191	
Ad6c3c	52.904	10.749	45.155	54.845	
AdAc8c	52.903	10.491	50.060	49.940	
Kh8d2c	52.890	11.736	89.728	10.272	
Kc9c7c	52.888	9.988	20.311	79.689	
AcTc5c	52.882	10.210	36.583	63.417	
Ac6c2d	52.882	10.867	47.417	52.583	
Ad7c3c	52.880	10.458	41.726	58.274	
Ac7d2c	52.879	10.507	42.536	57.464	
Kc9c6c	52.877	10.019	21.376	78.624	
Ah5d2c	52.872	10.830	55.733	44.267	
Kc3d2c	52.870	11.459	78.386	21.614	
Kh7d2c	52.866	11.762	90.803	9.197	
Kd3c2c	52.865	11.489	77.579	22.421	
KcTc2c	52.864	10.261	25.507	74.493	
KcQc3c	52.850	10.267	26.986	73.014	
Ac4d3c	52.845	10.811	50.660	49.340	
Ac8c4c	52.834	10.390	35.573	64.427	
Ac7c2d	52.832	10.526	42.659	57.341	
Ah5d4c	52.824	10.643	55.012	44.988	
KcJc9c	52.823	9.728	17.351	82.649	
Ac4c3d	52.820	10.811	50.309	49.691	
Ac9c4c	52.817	10.223	27.690	72.310	
AcJc8c	52.802	9.811	24.781	75.219	
Ah8d2c	52.798	10.452	52.259	47.741	
Ac9c5c	52.795	10.044	27.317	72.683	
AcJc7c	52.788	9.910	27.752	72.248	
Ac8c5c	52.787	10.194	30.931	69.069	
Ac6d2c	52.784	10.768	46.324	53.676	
KcQc2c	52.781	10.362	27.834	72.166	
Kc8c4c	52.778	10.223	22.775	77.225	
Ac6c3c	52.776	10.722	40.288	59.712	
Ac7c4c	52.773	10.506	37.130	62.870	
KcTc9c	52.770	9.770	22.943	77.057	
Ad7c2c	52.768	10.446	39.159	60.841	
AcTc7c	52.753	10.073	33.870	66.130	
Kc5c2c	52.735	10.582	31.379	68.621	
Kc9c4c	52.732	10.074	19.895	80.105	
KcQc9c	52.732	10.031	25.533	74.467	
Kc3c2d	52.728	11.392	77.671	22.329	
Ad6c2c	52.728	10.698	43.090	56.910	
Ad5c3c	52.726	10.562	45.124	54.876	
Kh3d2c	52.721	11.995	88.971	11.029	
Ad4c3c	52.702	10.657	46.490	53.510	
KdKc8c	52.696	11.126	71.729	28.271	
Kc6c4c	52.689	10.262	26.528	73.472	
Kc9c8c	52.688	9.860	17.038	82.962	
Ah7d3c	52.681	10.554	51.791	48.209	
Kc7c6c	52.664	10.012	19.292	80.708	
Ac5c3d	52.662	10.527	46.164	53.836	
Ac4c3c	52.646	10.621	43.712	56.288	
AcJc3c	52.646	10.113	31.866	68.134	
AcTc9c	52.633	9.798	26.107	73.893	
AcTc3c	52.628	10.284	39.123	60.877	
Kc7c4c	52.624	10.137	22.623	77.377	
AdAh8c	52.613	10.545	53.369	46.631	
Ah6d3c	52.609	10.882	58.074	41.926	
Kc5c3c	52.594	10.409	31.147	68.853	
Ac4c2d	52.590	10.696	46.684	53.316	
Kc8c7c	52.568	9.926	17.648	82.352	
AdAc7c	52.556	10.569	52.749	47.251	
Ac9c3c	52.551	10.126	26.528	73.472	
Ac8c7c	52.533	10.021	31.909	68.091	
Ac4d2c	52.523	10.653	46.350	53.650	
Ac6c2c	52.521	10.631	38.341	61.659	
Ac8c3c	52.515	10.272	30.454	69.546	
Ad4c2c	52.481	10.571	43.584	56.416	
Ac7c3c	52.479	10.403	35.561	64.439	
AcJc2c	52.475	10.046	30.677	69.323	
Ah7d2c	52.473	10.485	50.233	49.767	
AdAc5c	52.473	10.796	57.307	42.693	
Ac5c4c	52.465	10.373	36.109	63.891	
KdKc7c	52.457	11.095	73.692	26.308	
QcJdJc	52.454	9.821	58.070	41.930	
AdAc6c	52.453	10.942	58.712	41.288	
AcTc2c	52.452	10.212	37.257	62.743	
Ac9c8c	52.432	9.714	26.295	73.705	
Ac5c2c	52.432	10.419	33.160	66.840	
Ah5d3c	52.424	10.563	53.363	46.637	
Kc8c3c	52.410	10.117	19.472	80.528	
Kc9c3c	52.406	9.953	16.850	83.150	
Ac3c2d	52.391	10.470	44.571	55.429	
Kc4c3c	52.387	10.196	24.804	75.196	
KdKc6c	52.381	11.389	79.145	20.855	
KdKh8c	52.367	11.296	74.974	25.026	
Ac9c2c	52.354	10.045	24.799	75.201	
Kc6c3c	52.330	10.127	22.591	77.409	
Ah6d2c	52.328	10.764	55.364	44.636	
Ac8c2c	52.327	10.193	28.895	71.105	
KdKc5c	52.326	11.630	82.076	17.924	
Kc8c2c	52.311	10.210	20.003	79.997	
Kc9c2c	52.302	10.051	16.970	83.030	
Ah4d3c	52.299	10.680	55.947	44.053	
Ac3d2c	52.297	10.427	43.894	56.106	
Kc7c3c	52.275	10.025	20.336	79.664	
Ac7c2c	52.274	10.325	32.483	67.517	
Ac4c2c	52.270	10.475	39.134	60.866	
Ad3c2c	52.256	10.344	39.853	60.147	
Kc6c2c	52.241	10.248	23.329	76.671	
Kc4c2c	52.215	10.268	24.592	75.408	
Qc8d8c	52.215	10.792	77.493	22.507	
QcTdTc	52.213	9.701	58.844	41.156	
KdKh7c	52.205	11.327	78.484	21.516	
Ac5c3c	52.197	10.324	34.160	65.840	
KdKh6c	52.178	11.717	83.762	16.238	
Qc7d7c	52.167	10.903	76.004	23.996	
Kc7c2c	52.162	10.148	20.429	79.571	
AdAh5c	52.150	10.925	61.065	38.935	
Ac3c2c	52.117	10.328	34.794	65.206	
AdAc4c	52.093	10.948	59.109	40.891	
AdAh7c	52.084	10.485	54.402	45.598	
Ah4d2c	52.084	10.593	53.496	46.504	
KdKc4c	52.044	11.496	80.256	19.744	
QhTdTc	52.004	9.857	62.204	37.796	
Qh8d8c	51.996	11.042	78.796	21.204	
QdQcJc	51.993	9.664	54.198	45.802	
QhJdJc	51.971	9.805	62.115	37.885	
Qh7d7c	51.956	11.223	79.914	20.086	
Kc3c2c	51.942	10.125	20.453	79.547	
KdKh5c	51.925	11.807	84.381	15.619	
QcJc9c	51.877	10.142	38.806	61.194	
KdKh4c	51.872	11.850	83.369	16.631	
Ah3d2c	51.863	10.349	47.559	52.441	
QcJc5c	51.823	10.279	48.105	51.895	
QcJc6c	51.744	10.067	38.427	61.573	
AdAh6c	51.742	10.745	57.837	42.163	
Qc9d9c	51.699	10.575	71.844	28.156	
JcTc9c	51.672	9.735	32.657	67.343	
QcJc4c	51.672	10.134	40.064	59.936	
AdAc3c	51.650	10.801	57.333	42.667	
QcJc7c	51.629	9.874	33.033	66.967	
JdJcTc	51.613	9.418	59.939	40.061	
Qc6d6c	51.575	10.912	75.932	24.068	
KdKc3c	51.557	11.296	77.965	22.035	
JcTc8c	51.487	9.872	45.042	54.958	
QdQhJc	51.472	9.600	55.921	44.079	
Qc5d5c	51.459	10.614	73.605	26.395	
QdQcTc	51.459	9.402	53.687	46.313	
QcJc3c	51.416	10.009	35.491	64.509	
AdAh4c	51.398	10.775	57.889	42.111	
JcTdTc	51.397	9.132	56.915	43.085	
QcTc8c	51.397	9.814	41.435	58.565	
KdKh3c	51.381	11.646	80.770	19.230	
QcTc5c	51.354	10.006	42.952	57.048	
QcJc7d	51.335	9.168	48.506	51.494	
QcJc6d	51.332	9.434	52.975	47.025	
QcJc2c	51.332	10.109	36.877	63.123	
QcJc8c	51.306	9.730	35.171	64.829	
QcTc6c	51.297	9.811	36.780	63.220	
JcTc5c	51.292	10.007	52.385	47.615	
Qh6d6c	51.283	11.212	79.316	20.684	
AdAc2c	51.283	10.613	55.704	44.296	
QcJc4d	51.279	9.600	54.706	45.294	
Qc4d4c	51.279	11.061	76.010	23.990	
QcJc5d	51.277	9.487	56.568	43.432	
JdJhTc	51.245	9.462	63.018	36.982	
QcTc4c	51.221	9.877	35.157	64.843	
QdQhTc	51.209	9.504	56.281	43.719	
JcTc6c	51.173	9.777	40.895	59.105	
QcTc7c	51.163	9.612	29.034	70.966	
Qh9d9c	51.147	10.560	73.386	26.614	
JcTc4c	51.143	9.856	43.121	56.879	
Qh5d5c	51.131	10.812	76.651	23.349	
QdJc6c	51.073	9.307	50.973	49.027	
QdJc5c	51.049	9.422	55.386	44.614	
QdJc7c	51.048	9.020	46.147	53.853	
QcTc6d	51.040	9.285	57.814	42.186	
QcJc3d	51.028	9.521	52.937	47.063	
JhTdTc	51.025	9.173	59.787	40.213	
QcTc7d	51.020	9.003	51.264	48.736	
KdKc2c	51.010	11.212	76.438	23.562	
QdJc4c	51.005	9.469	52.615	47.385	
QcJd6c	50.995	9.237	50.104	49.896	
QcTc4d	50.984	9.458	57.619	42.381	
Qh4d4c	50.980	11.357	78.332	21.668	
QcTc3c	50.970	9.760	30.490	69.510	
QcJd5c	50.969	9.349	54.393	45.607	
QcJd7c	50.968	8.946	45.326	54.674	
Jc9d9c	50.968	9.906	67.449	32.551	
QcTc5d	50.965	9.347	58.881	41.119	
Jc7d7c	50.963	10.132	71.775	28.225	
Jc8d8c	50.944	9.980	69.153	30.847	
Qc3d3c	50.943	11.163	75.171	24.829	
JcTc9d	50.933	9.041	22.199	77.801	
QdTc6c	50.929	9.244	55.970	44.030	
QcJd4c	50.927	9.401	51.808	48.192	
AdAh3c	50.919	10.574	55.362	44.638	
QdTc8c	50.913	9.203	52.681	47.319	
QcTd6c	50.910	9.215	55.939	44.061	
QcTc8d	50.908	9.205	52.357	47.643	
JcTc3c	50.897	9.733	36.790	63.210	
QdTc5c	50.887	9.378	59.333	40.667	
QcTc2c	50.882	9.864	31.767	68.233	
QdTc7c	50.880	8.944	49.599	50.401	
QcTd5c	50.868	9.347	59.040	40.960	
QdTc4c	50.861	9.419	56.186	43.814	
QcTd7c	50.861	8.911	49.464	50.536	
QcTd4c	50.842	9.391	55.893	44.107	
JcTd9c	50.832	8.937	19.699	80.301	
JcTc2c	50.813	9.837	37.998	62.002	
QcJc9d	50.812	9.214	34.777	65.223	
QcTd8c	50.779	9.112	51.502	48.498	
AdAh2c	50.757	10.547	55.280	44.720	
QcTc9c	50.756	9.517	28.443	71.557	
QcJc8d	50.746	8.847	40.863	59.137	
QdJc3c	50.744	9.372	50.200	49.800	
QcTc3d	50.736	9.376	55.212	44.788	
JcTc7c	50.735	9.410	37.061	62.939	
Qc8c6c	50.705	9.648	27.112	72.888	
JcTc8d	50.704	9.132	50.964	49.036	
Jh7d7c	50.700	10.407	72.860	27.140	
QdJc9c	50.696	9.130	33.163	66.837	
QhJd7c	50.680	8.904	45.843	54.157	
JdTc9c	50.674	8.838	16.462	83.538	
QcJd9c	50.668	9.099	33.036	66.964	
QcJd3c	50.666	9.302	49.251	50.749	
KdKh2c	50.662	11.489	78.856	21.144	
Qh3d3c	50.657	11.488	76.288	23.712	
Qc9c7c	50.655	9.665	26.532	73.468	
QhJd6c	50.637	9.185	50.599	49.401	
Qc7c5c	50.628	9.799	33.152	66.848	
Qc9c6c	50.627	9.746	30.706	69.294	
Jh8d8c	50.624	10.156	69.675	30.325	
Qc6c5c	50.620	9.842	32.855	67.145	
Qc8c5c	50.605	9.750	35.835	64.165	
QdTc3c	50.603	9.318	52.978	47.022	
QhTd7c	50.598	8.858	50.261	49.739	
Tc9d9c	50.587	9.756	68.095	31.905	
QcTd3c	50.583	9.287	52.606	47.394	
QhTd6c	50.581	9.158	56.633	43.367	
Qc9c5c	50.579	9.933	43.286	56.714	
QhJd4c	50.578	9.369	53.319	46.681	
JcTc4d	50.572	9.230	56.325	43.675	
JcTc6d	50.569	9.057	56.764	43.236	
Qc5c4c	50.562	9.919	37.960	62.040	
Qc8d6c	50.562	9.577	65.925	34.075	
JcTc5d	50.550	9.109	58.218	41.782	
QhJd5c	50.550	9.219	52.700	47.300	
Qc8c6d	50.546	9.563	65.956	34.044	
JdTc8c	50.546	8.991	49.366	50.634	
QdJc8c	50.527	8.721	38.762	61.238	
QhTd4c	50.518	9.350	56.432	43.568	
JcTd8c	50.511	8.982	49.391	50.609	
9d9c8c	50.507	10.009	69.215	30.785	
Qc8c4c	50.505	9.659	31.404	68.596	
JdJc9c	50.496	9.421	64.895	35.105	
Jh9d9c	50.490	9.929	66.308	33.692	
QdQc8c	50.486	9.507	62.106	37.894	
9c7d7c	50.481	10.174	70.247	29.753	
Qc9c4c	50.478	9.809	30.171	69.829	
9d9h8c	50.475	10.372	70.076	29.924	
QhTd5c	50.475	9.212	57.013	42.987	
QhTd8c	50.462	9.073	49.979	50.021	
QcJc2d	50.458	9.387	50.604	49.396	
9c8d8c	50.456	9.893	68.848	31.152	
Qc6c4c	50.434	9.803	33.196	66.804	
9h8d8c	50.426	10.268	70.723	29.277	
Qc7c6c	50.424	9.480	20.633	79.367	
Qc8c4d	50.422	9.679	68.142	31.858	
Qc8d5c	50.421	9.608	67.775	32.225	
Qc8d4c	50.420	9.692	68.082	31.918	
QcJd8c	50.415	8.630	38.463	61.537	
Qc7d6c	50.414	9.402	62.865	37.135	
Jc6d6c	50.393	10.151	70.045	29.955	
Qd8c6c	50.393	9.446	61.806	38.194	
Qc6d5c	50.388	9.878	72.752	27.248	
Tc8d8c	50.385	10.035	69.940	30.060	
Qc8c7d	50.383	9.059	54.708	45.292	
9d9c7c	50.379	10.197	69.441	30.559	
Qc8c5d	50.377	9.526	66.262	33.738	
JcTd5c	50.371	9.031	57.561	42.439	
Qc8c7c	50.371	9.324	17.957	82.043	
Qc5c2c	50.369	10.059	39.800	60.200	
Qc7c6d	50.367	9.376	62.375	37.625	
Qc8d7c	50.367	9.052	54.448	45.552	
Qc7c4c	50.362	9.604	26.543	73.457	
Qc5c4d	50.354	10.075	75.371	24.629	
JcTd6c	50.353	8.910	55.493	44.507	
Th9d9c	50.352	9.990	65.362	34.638	
Qc6c5d	50.351	9.808	70.912	29.088	
Qc7d5c	50.350	9.709	68.360	31.640	
JhTd9c	50.343	8.768	19.472	80.528	
JcTc3d	50.343	9.149	53.522	46.478	
JcTd4c	50.342	9.083	54.849	45.151	
QhJd3c	50.340	9.303	52.038	47.962	
JdTc5c	50.335	8.991	57.094	42.906	
QdQc9c	50.335	9.530	59.917	40.083	
Qc7d4c	50.329	9.665	66.439	33.561	
Qc5d4c	50.326	9.992	74.393	25.607	
JdTc6c	50.318	8.873	54.685	45.315	
QdJc2c	50.311	9.313	48.994	51.006	
Jc9c7c	50.309	9.422	30.962	69.038	
9h7d7c	50.309	10.480	73.228	26.772	
KdKcKh	50.309	12.879	76.229	23.771	
JdTc4c	50.308	9.045	54.258	45.742	
Tc7d7c	50.305	9.996	69.591	30.409	
8c7d7c	50.300	10.020	68.210	31.790	
Qc7c4d	50.297	9.643	66.298	33.702	
Qc4c3c	50.284	9.801	35.404	64.596	
QhTd3c	50.280	9.280	54.385	45.615	
Qc9c3c	50.280	9.698	27.182	72.818	
TdTc9c	50.278	9.281	66.846	33.154	
Qc6c4d	50.275	10.029	73.108	26.892	
8h7d7c	50.274	10.456	73.501	26.499	
Qc7c5d	50.272	9.618	66.560	33.440	
Jc5d5c	50.271	9.839	69.986	30.014	
Qc6d4c	50.270	10.025	73.095	26.905	
Qc5c3c	50.266	9.889	38.930	61.070	
JdJc8c	50.263	9.368	64.728	35.272	
8d8c7c	50.256	10.063	68.453	31.547	
QdQh8c	50.253	9.601	64.336	35.664	
Qc8c3c	50.247	9.550	24.006	75.994	
Qc9c6d	50.236	9.546	61.871	38.129	
QcJd2c	50.234	9.244	48.146	51.854	
Qh8d6c	50.234	9.586	69.328	30.672	
Jc9c5c	50.231	9.675	41.992	58.008	
8d8h7c	50.227	10.476	72.118	27.882	
9d9c6c	50.219	10.453	70.669	29.331	
Qd8c4c	50.215	9.529	63.232	36.768	
9d9h7c	50.210	10.463	71.215	28.785	
Qd8c5c	50.207	9.437	62.830	37.170	
Qc9c7d	50.196	9.354	56.626	43.374	
8d8c6c	50.194	10.592	70.567	29.433	
AdAcAh	50.191	11.570	60.572	39.428	
Jc9c6c	50.187	9.495	28.345	71.655	
Qd7c5c	50.181	9.566	63.726	36.274	
QdQc7c	50.175	9.488	61.582	38.418	
Qc6c3c	50.166	9.678	28.412	71.588	
JcTc7d	50.164	8.523	57.315	42.685	
Qd6c5c	50.164	9.644	66.015	33.985	
QdTc2c	50.163	9.256	51.918	48.082	
Jc4d4c	50.160	10.287	70.900	29.100	
QcTc2d	50.159	9.237	53.002	46.998	
Qc9c2c	50.158	9.792	27.956	72.044	
Qd7c6c	50.156	9.202	56.653	43.347	
7d7c6c	50.155	10.487	68.890	31.110	
JhTd8c	50.153	8.915	48.439	51.561	
Qc8c3d	50.152	9.586	62.895	37.105	
QcTd2c	50.144	9.225	51.407	48.593	
Qd8c7c	50.141	8.883	47.094	52.906	
Qc8d3c	50.138	9.577	62.412	37.588	
QhJd9c	50.135	8.972	34.110	65.890	
Qc8c2c	50.128	9.650	24.994	75.006	
Jc9c4c	50.128	9.567	29.878	70.122	
Qd5c4c	50.126	9.808	69.185	30.815	
JdJcJh	50.121	12.251	77.550	22.450	
9d9c9h	50.121	12.119	75.504	24.496	
9d9h6c	50.115	10.821	72.399	27.601	
Qc7c3c	50.113	9.507	24.406	75.594	
JcTd3c	50.101	8.976	51.698	48.302	
Qc4c2c	50.099	9.868	35.572	64.428	
Qh8d7c	50.097	9.004	60.965	39.035	
Qh8d4c	50.093	9.734	71.452	28.548	
Qd7c4c	50.091	9.500	61.710	38.290	
Qh7d6c	50.081	9.416	70.233	29.767	
TdTh9c	50.074	9.484	67.300	32.700	
Qc9c4d	50.067	9.693	62.611	37.389	
JdTc3c	50.067	8.939	51.156	48.844	
Qc9c8c	50.063	9.310	29.474	70.526	
Qd6c4c	50.061	9.849	68.285	31.715	
Qc7d3c	50.059	9.572	63.548	36.452	
8d8c5c	50.059	10.680	71.152	28.848	
Th7d7c	50.056	10.266	70.402	29.598	
7d7h6c	50.055	10.924	73.471	26.529	
Jc8c6c	50.049	9.431	26.196	73.804	
QhJd8c	50.048	8.523	38.064	61.936	
Jh6d6c	50.047	10.415	70.271	29.729	
JdJh9c	50.041	9.395	65.239	34.761	
Qc6c2c	50.041	9.795	30.017	69.983	
Qc7c3d	50.039	9.574	63.783	36.217	
Qh8d5c	50.035	9.553	71.599	28.401	
JdJc7c	50.033	9.376	66.222	33.778	
9d9c5c	50.033	10.627	72.721	27.279	
Qc9c5d	50.023	9.564	64.154	35.846	
Jc7c5c	50.022	9.542	31.720	68.280	
8d8h6c	50.018	10.909	73.023	26.977	
Qc9d6c	50.016	9.442	60.080	39.920	
Qc5c3d	50.009	10.077	72.591	27.409	
7d7c5c	50.007	10.791	69.696	30.304	
9c6d6c	50.005	10.100	68.101	31.899	
Jc8c5c	50.002	9.526	34.676	65.324	
Qh7d4c	49.992	9.725	73.209	26.791	
Qc6c3d	49.988	9.874	68.730	31.270	
8d8c8h	49.986	12.024	74.423	25.577	
Jc6c5c	49.986	9.600	29.962	70.038	
Qh6d5c	49.977	9.888	78.351	21.649	
Qc5d3c	49.975	9.962	71.856	28.144	
Qc6d3c	49.975	9.842	68.477	31.523	
Qc7c2c	49.974	9.619	24.687	75.313	
JdJh8c	49.970	9.472	67.206	32.794	
Jc5c4c	49.969	9.685	34.747	65.253	
TdTc8c	49.966	9.490	66.174	33.826	
QdQh7c	49.957	9.603	64.778	35.222	
JhTd4c	49.949	9.014	54.410	45.590	
JhTd6c	49.947	8.822	53.734	46.266	
Qc9d7c	49.946	9.227	54.718	45.282	
Qh5d4c	49.943	10.120	79.719	20.281	
Qh7d5c	49.943	9.685	73.394	26.606	
7d7c7h	49.942	11.994	71.186	28.814	
Qd8c3c	49.939	9.433	58.803	41.197	
Jc9c3c	49.937	9.465	27.204	72.796	
Qc3c2c	49.933	9.738	31.740	68.260	
QdQc6c	49.933	9.813	67.973	32.027	
Qc4c3d	49.926	10.049	73.362	26.638	
Qc4d3c	49.923	10.016	73.238	26.762	
QcTd9c	49.921	8.534	20.335	79.665	
Th8d8c	49.918	10.108	68.213	31.787	
JcTd7c	49.914	8.342	54.288	45.712	
8d8h5c	49.909	10.951	72.426	27.574	
JhTd5c	49.904	8.859	54.922	45.078	
9h6d6c	49.902	10.469	71.365	28.635	
Qh6d4c	49.901	10.147	78.611	21.389	
Jc8c4c	49.900	9.441	29.721	70.279	
Tc8c6c	49.899	9.443	29.424	70.576	
Jh5d5c	49.889	10.011	71.286	28.714	
Jc3d3c	49.883	10.396	68.844	31.156	
Qc9c3d	49.883	9.617	61.249	38.751	
9d9h5c	49.877	10.899	72.146	27.854	
JdTc7c	49.876	8.300	53.813	46.187	
QcTc9d	49.870	8.537	19.248	80.752	
Qd9c7c	49.867	9.160	51.465	48.535	
8c6d6c	49.864	10.199	67.447	32.553	
8d8c4c	49.855	10.693	70.434	29.566	
7d7c4c	49.849	10.709	69.102	30.898	
Qd9c6c	49.846	9.314	56.201	43.799	
9d9c4c	49.842	10.622	70.488	29.512	
Qc5d2c	49.832	10.047	71.105	28.895	
Qd7c3c	49.826	9.420	58.997	41.003	
Qc9d5c	49.826	9.520	63.804	36.196	
Qc9d4c	49.826	9.583	61.114	38.886	
Qh8d3c	49.822	9.635	65.356	34.644	
Jc9c2c	49.819	9.561	27.689	72.311	
JdJc6c	49.812	9.747	70.362	29.638	
Jh4d4c	49.811	10.549	70.821	29.179	
JdJh7c	49.807	9.553	70.148	29.852	
Jc6c4c	49.804	9.564	31.116	68.884	
Jc5c2c	49.799	9.818	37.211	62.789	
Qd4c3c	49.796	9.879	70.022	29.978	
Qd5c3c	49.794	9.852	68.765	31.235	
JcTc2d	49.786	9.015	52.107	47.893	
9c5d5c	49.780	9.878	69.911	30.089	
QdTc9c	49.776	8.475	16.020	83.980	
Qd6c3c	49.769	9.690	64.257	35.743	
Jc7c4c	49.761	9.363	26.692	73.308	
Jc7c6c	49.761	9.245	19.832	80.168	
QdQc5c	49.754	9.935	70.721	29.279	
QdQh9c	49.745	9.381	60.985	39.015	
QhJd2c	49.736	9.170	49.654	50.346	
7d7h5c	49.734	10.983	71.737	28.263	
Qc5c2d	49.734	10.092	71.580	28.420	
JhTd3c	49.733	8.941	52.920	47.080	
Qh7d3c	49.732	9.653	69.705	30.295	
5c4c2c	49.732	9.613	37.228	62.772	
7d7h4c	49.729	11.065	70.986	29.014	
8d8h4c	49.729	11.036	70.852	29.148	
Tc6d6c	49.721	10.036	70.425	29.575	
Tc8c5c	49.720	9.569	37.489	62.511	
9d9h4c	49.715	10.993	70.725	29.275	
JdJc5c	49.711	9.873	73.209	26.791	
7c6d6c	49.709	10.030	64.807	35.193	
Jc4c3c	49.708	9.584	33.304	66.696	
QdQcQh	49.700	12.222	75.401	24.599	
Jc5c3c	49.700	9.654	36.259	63.741	
8h6d6c	49.695	10.505	71.091	28.909	
8c5d5c	49.691	9.901	67.819	32.181	
JcTd2c	49.678	8.918	50.955	49.045	
Qc2d2c	49.678	10.686	69.677	30.323	
Qc8d2c	49.670	9.511	61.560	38.440	
Tc8c4c	49.669	9.474	32.181	67.819	
QhTd2c	49.669	9.143	52.269	47.731	
9c4d4c	49.666	10.252	68.317	31.683	
Jc8c3c	49.664	9.342	24.677	75.323	
Jc9c7d	49.661	8.972	54.698	45.302	
Qd9c4c	49.661	9.450	57.702	42.298	
Qd9c5c	49.654	9.371	59.685	40.315	
Tc9c5c	49.646	9.360	35.622	64.378	
JdTc2c	49.645	8.881	50.457	49.543	
Qd5c2c	49.643	9.944	68.123	31.877	
9h5d5c	49.636	10.171	73.318	26.682	
Qc9d3c	49.634	9.482	59.213	40.787	
Qh9d6c	49.629	9.407	63.478	36.522	
9c7c5c	49.629	9.270	24.376	75.624	
QdQh6c	49.621	9.923	69.706	30.294	
7h6d6c	49.621	10.428	70.422	29.578	
6d6c5c	49.619	10.647	67.447	32.553	
TdTc7c	49.616	9.291	64.088	35.912	
Qh6d3c	49.609	9.977	74.819	25.181	
QdQc4c	49.605	9.937	71.005	28.995	
Qh9d7c	49.604	9.193	57.224	42.776	
Qc4d2c	49.593	10.006	70.931	29.069	
Qh5d3c	49.588	10.099	76.485	23.515	
Qc9c8d	49.583	8.809	45.616	54.384	
8c4d4c	49.573	10.291	68.248	31.752	
Tc5d5c	49.570	9.763	69.201	30.799	
Tc9c4c	49.565	9.272	27.361	72.639	
Qc7d2c	49.562	9.519	59.642	40.358	
8h5d5c	49.554	10.169	72.836	27.164	
JhTd7c	49.554	8.203	52.598	47.402	
Jc6c3c	49.552	9.448	27.792	72.208	
Jh3d3c	49.551	10.679	69.616	30.384	
Qc8c2d	49.551	9.450	61.184	38.816	
JdJc4c	49.551	9.888	72.906	27.094	
Jc8c2c	49.550	9.442	25.360	74.640	
9d9c3c	49.544	10.429	68.447	31.553	
6c5d5c	49.540	10.224	68.796	31.204	
TdTcTh	49.538	11.892	76.561	23.439	
9h4d4c	49.537	10.637	68.679	31.321	
Jc4c2c	49.535	9.646	33.585	66.415	
8c6c5c	49.532	9.217	21.483	78.517	
5c3c2c	49.530	9.545	35.783	64.217	
Qh4d3c	49.529	10.138	76.179	23.821	
TdTh8c	49.529	9.512	67.423	32.577	
Jc7c3c	49.529	9.269	24.981	75.019	
Jc9c6d	49.525	9.011	55.286	44.714	
Tc9c6c	49.513	9.095	23.239	76.761	
Jc9d7c	49.499	8.882	53.828	46.172	
Tc9c7c	49.496	8.997	21.667	78.333	
Qc6d2c	49.496	9.816	66.240	33.760	
8d8c3c	49.494	10.510	68.265	31.735	
JdJh6c	49.492	9.924	71.789	28.211	
7d7c3c	49.489	10.552	67.136	32.864	
Jc9c4d	49.481	9.189	57.586	42.414	
Tc4d4c	49.477	10.175	69.718	30.282	
Qd9c3c	49.472	9.359	56.148	43.852	
Qd8c2c	49.470	9.369	58.097	41.903	
Qc4c2d	49.468	9.967	70.195	29.805	
Tc7c5c	49.467	9.409	32.168	67.832	
7c5d5c	49.451	9.944	65.577	34.423	
8h4d4c	49.449	10.629	68.098	31.902	
5d5c4c	49.447	10.445	69.898	30.102	
Tc8c3c	49.438	9.375	26.958	73.042	
9d9h3c	49.438	10.822	69.399	30.601	
Jc6c2c	49.431	9.559	28.693	71.307	
Qh9d4c	49.426	9.582	64.689	35.311	
Qc3d2c	49.421	9.862	68.814	31.186	
Tc6c5c	49.421	9.468	31.643	68.357	
Jc9c5d	49.420	9.029	57.247	42.753	
9c3d3c	49.416	10.295	65.405	34.595	
Jc8c6d	49.415	8.978	57.136	42.864	
7c6c5c	49.414	9.068	17.231	82.769	
Qc7c2d	49.412	9.448	59.064	40.936	
TdTh7c	49.410	9.491	68.766	31.234	
7c4d4c	49.408	10.222	65.645	34.355	
Tc5c4c	49.408	9.546	35.572	64.428	
5c4d4c	49.402	10.675	67.956	32.044	
9c7c6c	49.401	8.984	15.365	84.635	
Jc8d6c	49.400	8.978	56.787	43.213	
5d5c5h	49.399	11.711	67.524	32.476	
6d6h5c	49.399	10.941	69.518	30.482	
Jc7c2c	49.399	9.381	24.625	75.375	
7c5c4c	49.394	9.248	25.048	74.952	
QdQh5c	49.393	10.006	72.433	27.567	
Th6d6c	49.388	10.264	69.741	30.259	
Tc9c3c	49.385	9.180	24.431	75.569	
5c4c3c	49.383	9.287	28.381	71.619	
Jc9d6c	49.383	8.946	54.231	45.769	
Qc9d8c	49.382	8.694	44.261	55.739	
Qd4c2c	49.382	9.832	67.793	32.207	
Jc3c2c	49.382	9.526	30.686	69.314	
TdTc6c	49.381	9.668	71.156	28.844	
Qc6c2d	49.379	9.778	65.662	34.338	
8d8h3c	49.378	10.899	69.991	30.009	
7d7h3c	49.377	10.934	68.929	31.071	
Qh9d5c	49.368	9.407	65.134	34.866	
8c6c4c	49.366	9.257	27.179	72.821	
9c7c4c	49.362	9.176	21.403	78.597	
Jd9c7c	49.352	8.740	52.071	47.929	
6d6c4c	49.351	10.677	66.511	33.489	
Jc8c4d	49.351	9.055	58.204	41.796	
Jc5c4d	49.341	9.446	67.541	32.459	
5c4d2c	49.340	10.206	68.267	31.733	
JdJh5c	49.339	9.987	74.051	25.949	
Jc8c7c	49.335	8.925	18.703	81.297	
9c5c4c	49.333	9.343	27.455	72.545	
Qd7c2c	49.331	9.378	56.428	43.572	
6h5d5c	49.330	10.539	72.211	27.789	
5d4c2c	49.330	10.142	68.309	31.691	
Tc8c7c	49.328	9.016	18.883	81.118	
QhTd9c	49.327	8.299	22.670	77.330	
Jc9d4c	49.323	9.123	55.919	44.081	
Jc6d5c	49.322	9.250	66.031	33.969	
Jc7d5c	49.322	9.063	62.902	37.098	
Jc8d4c	49.320	9.057	57.854	42.146	
Tc8c2c	49.318	9.471	28.371	71.629	
9c6c5c	49.317	9.160	20.286	79.714	
Jc8d5c	49.316	8.981	58.753	41.247	
Jc9c3d	49.315	9.114	55.839	44.161	
Jc9d5c	49.312	9.029	57.811	42.189	
Jc5d4c	49.309	9.374	66.396	33.604	
Qh5d2c	49.308	10.143	75.252	24.748	
6c4d4c	49.308	10.596	66.572	33.428	
Jc7d6c	49.307	8.784	56.785	43.215	
Jc7d4c	49.306	9.053	60.971	39.029	
9h3d3c	49.300	10.679	65.294	34.706	
Jc8c5d	49.298	8.920	57.718	42.282	
7h4d4c	49.297	10.553	67.374	32.626	
8d6c5c	49.292	9.275	58.439	41.561	
Qc3c2d	49.292	9.791	68.037	31.963	
Qd6c2c	49.292	9.670	62.518	37.482	
QdQh4c	49.288	10.063	72.556	27.444	
6d6c6h	49.286	11.734	66.376	33.624	
Jc6c5d	49.281	9.185	64.300	35.700	
Qc9c2d	49.280	9.481	59.191	40.809	
8c6c5d	49.278	9.301	58.079	41.921	
Tc6c4c	49.278	9.418	32.031	67.969	
8c6d5c	49.277	9.312	58.399	41.601	
Jc7c4d	49.274	9.026	60.351	39.649	
QdQc3c	49.273	9.772	68.704	31.296	
8c3d3c	49.270	10.326	64.722	35.278	
9c6c4c	49.268	9.246	24.325	75.675	
Jc9c8c	49.268	8.933	21.857	78.143	
Tc9c2c	49.264	9.279	25.470	74.530	
Qh2d2c	49.264	10.894	70.460	29.540	
Jc7c6d	49.262	8.757	56.633	43.367	
9c7c6d	49.259	8.985	55.369	44.631	
Tc8c6d	49.258	9.268	58.649	41.351	
Qh9d3c	49.257	9.510	63.373	36.627	
TdTc5c	49.255	9.820	72.563	27.437	
8c5c4c	49.247	9.228	24.238	75.762	
5c4c2d	49.243	10.113	67.461	32.539	
Jc7c5d	49.240	8.976	61.210	38.790	
JdJc3c	49.236	9.724	70.471	29.529	
8c7c5c	49.234	8.985	18.133	81.867	
Tc5c2c	49.233	9.669	37.795	62.205	
Tc7c4c	49.233	9.223	26.968	73.032	
4c3c2c	49.233	9.338	25.067	74.933	
JdJh4c	49.228	10.082	73.918	26.082	
5d5h4c	49.226	10.756	69.698	30.302	
7c6d5c	49.220	9.035	57.307	42.693	
Jc6c4d	49.217	9.392	65.048	34.952	
Jc6d4c	49.214	9.391	65.253	34.747	
4d4c4h	49.211	11.660	63.941	36.059	
9c7d6c	49.211	8.953	55.123	44.877	
9c8c5c	49.210	8.995	20.076	79.924	
Tc3d3c	49.209	10.253	67.099	32.901	
Qd3c2c	49.209	9.673	65.714	34.286	
9c8c6c	49.208	8.891	16.675	83.325	
Qd9c8c	49.205	8.563	39.641	60.359	
7h5d5c	49.197	10.114	69.983	30.017	
9c8c4c	49.197	9.038	20.409	79.591	
9d7c5c	49.197	9.226	57.184	42.816	
Th5d5c	49.196	9.936	69.895	30.105	
9c7c3c	49.191	9.087	20.184	79.816	
9c5c2c	49.190	9.439	31.612	68.388	
Jd8c6c	49.190	8.809	52.966	47.034	
7d6c5c	49.187	8.978	56.434	43.566	
9c7c5d	49.186	9.210	56.567	43.433	
Qh8d2c	49.180	9.484	63.304	36.696	
5h4d4c	49.179	10.942	66.849	33.151	
Tc4c3c	49.169	9.439	34.183	65.817	
7c5c4d	49.167	9.520	61.117	38.883	
9d7c6c	49.166	8.886	54.454	45.546	
Tc9c8c	49.164	8.856	18.980	81.020	
Qc9d2c	49.163	9.415	57.886	42.114	
9c7d5c	49.162	9.209	56.909	43.091	
Jd9c6c	49.159	8.767	50.330	49.670	
8c6c4d	49.157	9.607	59.526	40.474	
6d6h4c	49.155	10.967	67.395	32.605	
8h3d3c	49.148	10.689	64.142	35.858	
Jc9d3c	49.145	9.027	53.779	46.221	
JhTd2c	49.144	8.808	51.600	48.400	
Tc5c3c	49.142	9.505	36.756	63.244	
8h6d5c	49.139	9.367	63.998	36.002	
Th4d4c	49.135	10.420	68.021	31.979	
Tc8d6c	49.128	9.191	57.971	42.029	
7d5c4c	49.126	9.439	60.985	39.015	
9c5c3c	49.124	9.282	29.300	70.700	
Jc8c3d	49.121	8.972	54.489	45.511	
Jh9d7c	49.118	8.795	50.883	49.117	
8d6c4c	49.118	9.581	59.862	40.138	
9c7c4d	49.117	9.285	60.986	39.014	
6h4d4c	49.113	10.895	67.623	32.377	
Jd7c5c	49.111	8.878	58.934	41.066	
7c3d3c	49.109	10.282	62.852	37.148	
9c4c3c	49.109	9.248	25.790	74.210	
8c5c2c	49.109	9.421	31.463	68.537	
8c6d4c	49.107	9.574	59.555	40.445	
7c6c5d	49.107	8.924	55.387	44.613	
Jd9c4c	49.105	8.938	52.240	47.760	
TdTc4c	49.104	9.835	72.021	27.979	
9h7d6c	49.099	9.013	57.891	42.109	
5c3d2c	49.094	10.044	66.550	33.450	
9c6c3c	49.092	9.146	22.482	77.518	
Jd9c5c	49.085	8.826	54.057	45.943	
Tc7c6c	49.082	8.983	18.971	81.029	
TdTh6c	49.080	9.867	73.446	26.554	
5d3c2c	49.080	9.952	66.462	33.538	
3d3c3h	49.076	11.543	60.937	39.063	
Jc8d3c	49.076	8.956	53.732	46.268	
Jd5c4c	49.074	9.159	62.224	37.776	
Jd8c4c	49.073	8.858	54.043	45.957	
Jc7d3c	49.065	8.959	58.036	41.964	
Qh4d2c	49.062	10.061	72.813	27.187	
Jd8c5c	49.060	8.769	54.541	45.459	
Jd6c5c	49.059	8.984	59.841	40.159	
7c5d4c	49.059	9.427	60.033	39.967	
Qh7d2c	49.058	9.505	64.672	35.328	
5d5c3c	49.052	10.320	68.081	31.919	
Jc7c3d	49.046	8.951	58.415	41.585	
9c7d4c	49.044	9.248	60.429	39.571	
8c7c4c	49.041	8.935	16.802	83.198	
Tc6c3c	49.038	9.307	29.316	70.684	
Jc5c3d	49.038	9.438	65.336	34.664	
9c7c2c	49.037	9.192	21.533	78.467	
9c8c3c	49.036	8.958	18.368	81.632	
8c5c3c	49.034	9.276	29.938	70.062	
7h6d5c	49.030	9.016	60.487	39.513	
5h4d2c	49.030	10.217	63.953	36.047	
Tc8c4d	49.029	9.281	61.617	38.383	
6c5c2c	49.028	9.467	30.365	69.635	
Jd7c4c	49.026	8.842	56.434	43.566	
7c5c3c	49.025	9.230	29.456	70.544	
5c3d3c	49.019	10.746	65.167	34.833	
5d4c3c	49.016	9.469	64.256	35.744	
7c5c2c	49.014	9.441	31.962	68.038	
Tc7c3c	49.013	9.134	24.849	75.151	
Jd7c6c	49.010	8.541	50.997	49.003	
8c6c3c	49.007	9.176	23.332	76.668	
Qd9c2c	49.000	9.294	54.871	45.129	
9d7c4c	49.000	9.217	59.822	40.178	
7h3d3c	49.000	10.617	62.330	37.670	
Jc5d3c	48.999	9.339	64.030	35.970	
9d9c2c	48.998	10.333	67.558	32.442	
5c3c2d	48.997	9.973	65.736	34.264	
8d7c5c	48.997	8.895	54.975	45.025	
Tc9c4d	48.994	8.895	55.687	44.313	
7c6c4c	48.994	8.977	20.611	79.389	
Tc4c2c	48.993	9.501	34.178	65.822	
9c6c4d	48.983	9.458	63.182	36.818	
9c6d5c	48.980	9.063	57.004	42.996	
9c6d4c	48.980	9.458	63.058	36.942	
9h7d5c	48.978	9.255	61.659	38.341	
9c5c4d	48.978	9.513	64.254	35.746	
QdQh3c	48.977	9.911	70.652	29.348	
9d8c6c	48.977	8.822	52.907	47.093	
8c4c3c	48.973	9.232	26.707	73.293	
Td8c6c	48.972	9.055	56.391	43.609	
8h6d4c	48.971	9.692	61.957	38.043	
Tc9d4c	48.969	8.947	55.938	44.062	
9c7c3d	48.968	9.184	59.005	40.995	
8d5c4c	48.968	9.278	61.189	38.811	
6d6c3c	48.967	10.449	65.218	34.782	
Qh9d8c	48.967	8.558	40.227	59.773	
5c4d3c	48.966	9.485	64.190	35.810	
Jd6c4c	48.965	9.190	60.636	39.364	
9d6c5c	48.964	9.013	56.567	43.433	
5c4c3d	48.964	9.462	64.185	35.815	
8c5c4d	48.964	9.326	61.658	38.342	
6c3d3c	48.961	10.577	63.726	36.274	
9d6c4c	48.960	9.449	62.486	37.514	
Jc6c3d	48.958	9.249	61.663	38.337	
Qh6d2c	48.954	9.856	70.698	29.302	
6c5c4c	48.954	9.084	20.142	79.858	
6c4c3c	48.954	9.231	27.697	72.303	
9c8d6c	48.953	8.810	52.830	47.170	
9d5c4c	48.952	9.450	63.233	36.767	
8d8c2c	48.952	10.415	67.526	32.474	
Jh8d6c	48.952	8.866	58.050	41.950	
Jc4c3d	48.952	9.427	64.988	35.012	
9c5d4c	48.951	9.463	62.903	37.097	
9c6c2c	48.948	9.251	23.560	76.440	
Jc4d3c	48.947	9.400	64.711	35.289	
Jc6d3c	48.944	9.225	60.947	39.053	
9c8d4c	48.943	9.007	55.417	44.583	
Tc9c6d	48.942	8.551	54.417	45.583	
7h5d4c	48.942	9.549	62.851	37.149	
9c6c5d	48.941	9.030	56.344	43.656	
JdJh3c	48.940	9.941	72.059	27.941	
8c7d5c	48.938	8.864	54.497	45.503	
Tc9d5c	48.938	8.883	57.764	42.236	
9c4c2c	48.935	9.301	26.916	73.084	
Tc9d6c	48.934	8.590	54.623	45.377	
9c8c4d	48.932	8.955	54.920	45.080	
8c5d4c	48.932	9.281	60.843	39.157	
7d7c2c	48.931	10.470	67.118	32.882	
Jd9c3c	48.930	8.852	50.533	49.467	
9d8c4c	48.929	8.994	55.255	44.745	
9c8c6d	48.929	8.767	52.214	47.786	
Jh9d6c	48.921	8.830	56.509	43.491	
8c6c2c	48.918	9.283	24.820	75.180	
Tc9c5d	48.915	8.773	56.755	43.245	
Tc8c5d	48.913	9.148	60.049	39.951	
Tc6c2c	48.912	9.420	30.122	69.878	
Qh3d2c	48.904	9.892	70.707	29.293	
TdTh5c	48.903	9.960	73.013	26.987	
8c7d4c	48.901	8.894	57.881	42.119	
9c8c2c	48.899	9.054	19.785	80.215	
9c8d5c	48.893	8.744	55.712	44.288	
Tc9c7d	48.891	8.400	47.815	52.185	
9h7d4c	48.887	9.383	64.638	35.362	
8d7c4c	48.885	8.882	57.671	42.329	
Th3d3c	48.884	10.500	65.194	34.806	
9c7d3c	48.884	9.131	57.764	42.236	
Jh8d4c	48.880	8.932	56.248	43.752	
Tc7c2c	48.879	9.247	23.948	76.052	
Tc8d4c	48.877	9.206	60.434	39.566	
9d8c5c	48.875	8.731	55.565	44.435	
7c4c3c	48.875	9.097	22.962	77.038	
8c7c4d	48.870	8.833	56.823	43.177	
8c7c3c	48.867	8.927	17.530	82.470	
Jh7d4c	48.867	8.952	61.247	38.753	
Jh7d6c	48.865	8.669	61.805	38.195	
Jc5d2c	48.865	9.422	63.093	36.907	
Jh9d4c	48.864	9.024	56.945	43.055	
8c7c5d	48.861	8.770	53.544	46.456	
8c4c2c	48.853	9.283	27.845	72.155	
Tc3c2c	48.852	9.383	30.797	69.203	
Tc9d7c	48.851	8.414	47.992	52.008	
9d7c3c	48.841	9.102	57.290	42.710	
Tc9c3d	48.840	8.818	53.824	46.176	
Jd8c3c	48.836	8.771	50.120	49.880	
9c8c5d	48.832	8.668	54.788	45.212	
7d6c4c	48.829	9.151	56.161	43.839	
5d5h3c	48.827	10.579	69.470	30.530	
Jh5d4c	48.825	9.333	68.521	31.479	
9c6c3d	48.825	9.332	61.519	38.481	
9c3c2c	48.815	9.198	25.033	74.967	
Jh8d5c	48.814	8.779	57.624	42.376	
Jh7d5c	48.811	8.889	62.183	37.817	
9c6d3c	48.811	9.314	60.987	39.013	
9h8d6c	48.809	8.837	54.764	45.236	
4c3d3c	48.808	10.651	63.964	36.036	
Td9c4c	48.806	8.803	54.217	45.783	
Tc8d5c	48.804	9.135	60.860	39.140	
Tc9d3c	48.802	8.850	53.952	46.048	
Jh6d5c	48.801	9.123	67.471	32.529	
Tc8c3d	48.801	9.197	58.608	41.392	
9h6d4c	48.801	9.614	64.722	35.278	
5d5c2c	48.797	10.361	69.042	30.958	
TdTc3c	48.797	9.665	69.793	30.207	
TdTh4c	48.796	10.052	72.577	27.423	
9c8c3d	48.796	8.867	53.170	46.830	
4d4c3c	48.796	10.504	64.882	35.118	
6c5c3c	48.795	9.159	26.784	73.216	
9c8d3c	48.795	8.905	53.150	46.850	
7c6d4c	48.793	9.130	55.573	44.427	
7c6c4d	48.792	9.097	55.395	44.605	
9d6c3c	48.792	9.304	60.649	39.351	
Jd7c3c	48.791	8.758	53.914	46.086	
7c6c3c	48.790	8.965	18.756	81.244	
9h8d4c	48.787	9.075	58.162	41.838	
Jh9d5c	48.787	8.829	56.809	43.191	
5h3d3c	48.786	10.932	62.605	37.395	
Jd5c3c	48.784	9.194	60.560	39.440	
Jd4c3c	48.782	9.237	61.222	38.778	
9d8c3c	48.781	8.890	53.031	46.969	
Jc5c2d	48.778	9.451	63.602	36.398	
9h6d5c	48.776	9.092	64.181	35.819	
8h7d5c	48.775	8.847	56.405	43.595	
6d6h3c	48.774	10.772	65.344	34.656	
5h3d2c	48.773	10.028	62.180	37.820	
8h5d4c	48.771	9.379	63.865	36.135	
8h7d4c	48.771	8.935	59.444	40.556	
Td9c5c	48.770	8.726	56.235	43.765	
Tc8c7d	48.769	8.537	49.741	50.259	
Th8d6c	48.765	9.148	57.584	42.416	
6h3d3c	48.763	10.874	62.769	37.231	
Td9c6c	48.760	8.449	53.564	46.436	
Jc8c7d	48.757	8.167	44.850	55.150	
9c5c3d	48.755	9.453	63.071	36.929	
9h5d4c	48.753	9.620	66.176	33.824	
Td9c7c	48.753	8.320	46.231	53.769	
9d9h2c	48.750	10.657	67.761	32.239	
9h7d3c	48.746	9.265	61.819	38.181	
8c7c6c	48.741	8.636	11.783	88.217	
Jh6d4c	48.736	9.342	66.346	33.654	
Jc9c2d	48.734	8.982	53.989	46.011	
9d5c3c	48.730	9.425	61.902	38.098	
9c5d3c	48.720	9.385	60.824	39.176	
8c7c2c	48.716	9.020	19.075	80.925	
QdQc2c	48.714	9.695	67.534	32.466	
Jh9d3c	48.713	8.953	55.311	44.689	
Jc8d7c	48.711	8.140	44.685	55.315	
5h4d3c	48.705	9.480	62.828	37.172	
Tc7d4c	48.702	8.984	59.349	40.651	
8c6c3d	48.701	9.435	59.024	40.976	
JdJc2c	48.701	9.643	69.325	30.675	
Jd6c3c	48.700	9.040	56.621	43.379	
9h8d5c	48.696	8.733	55.702	44.298	
8d8h2c	48.695	10.741	68.454	31.546	
Tc5c4d	48.694	9.381	64.878	35.122	
9d4c3c	48.691	9.484	61.722	38.278	
Jc9d2c	48.691	8.965	52.834	47.166	
Tc7d5c	48.689	9.018	61.417	38.583	
8c7d3c	48.687	8.935	53.300	46.700	
7c4c2c	48.687	9.231	27.916	72.084	
Td8c4c	48.685	9.038	57.402	42.598	
8d5c3c	48.680	9.482	59.633	40.367	
8c3c2c	48.678	9.178	25.827	74.173	
8c5c3d	48.678	9.491	59.894	40.106	
7d7h2c	48.673	10.808	68.449	31.551	
Tc7c4d	48.671	8.953	59.012	40.988	
8d7c3c	48.671	8.922	53.275	46.725	
Tc6d5c	48.670	9.204	64.047	35.953	
8c7c3d	48.669	8.880	53.128	46.872	
Jc2d2c	48.667	9.913	63.258	36.742	
Tc5d4c	48.665	9.315	62.752	37.248	
7h6d4c	48.661	9.179	56.145	43.855	
7c5c3d	48.660	9.522	61.026	38.974	
9h8d3c	48.659	8.979	56.354	43.646	
Jh8d3c	48.652	8.863	55.277	44.723	
8d6c3c	48.648	9.396	58.076	41.924	
9h6d3c	48.648	9.471	62.231	37.769	
8c5d3c	48.644	9.429	58.532	41.468	
Jd5c2c	48.644	9.282	60.209	39.791	
Jh7d3c	48.642	8.872	58.926	41.074	
Jc4d2c	48.641	9.380	62.698	37.302	
Td9c3c	48.641	8.711	52.315	47.685	
8c6d3c	48.640	9.390	58.042	41.958	
7c6c2c	48.637	9.138	22.152	77.848	
Tc8d3c	48.636	9.101	56.714	43.286	
9c4c3d	48.634	9.463	61.936	38.064	
Tc6c5d	48.632	9.144	61.833	38.167	
9c4d3c	48.630	9.444	61.544	38.456	
Jc8d2c	48.627	8.894	52.840	47.160	
Tc6c4d	48.619	9.311	63.858	36.142	
Tc8d7c	48.618	8.445	49.029	50.971	
Tc6d4c	48.616	9.311	63.949	36.051	
7d5c3c	48.615	9.478	61.004	38.996	
Qh9d2c	48.612	9.351	60.464	39.536	
Tc7c5d	48.610	8.934	59.736	40.264	
Td8c5c	48.607	8.958	57.300	42.700	
Jc7d2c	48.595	8.911	55.805	44.195	
6d5c4c	48.593	9.090	57.628	42.372	
Th9d4c	48.591	8.859	53.678	46.322	
6c5c4d	48.591	9.099	57.585	42.415	
6c4c2c	48.589	9.294	30.895	69.105	
6d4c3c	48.578	9.619	59.615	40.385	
8d4c3c	48.575	9.532	60.396	39.604	
7d4c3c	48.568	9.303	60.758	39.242	
9d5c2c	48.563	9.516	61.628	38.372	
7d6c3c	48.562	9.064	58.937	41.063	
4c3d2c	48.562	9.297	64.934	35.066	
4d3c2c	48.559	9.279	64.789	35.211	
Th9d6c	48.559	8.466	49.982	50.018	
9c5d2c	48.559	9.471	60.697	39.303	
8h7d3c	48.558	9.015	60.005	39.995	
6c5d4c	48.556	9.097	57.420	42.580	
7c5d3c	48.545	9.407	59.870	40.130	
Jc8c2d	48.545	8.841	53.166	46.834	
Tc7d6c	48.542	8.530	50.987	49.013	
Td7c5c	48.539	8.877	57.976	42.024	
8c7d6c	48.538	8.224	44.371	55.629	
7c6c3d	48.533	9.016	58.274	41.726	
9c8c7c	48.530	8.495	10.321	89.679	
9h5d3c	48.529	9.524	62.146	37.854	
4c3c2d	48.529	9.266	64.791	35.209	
8d5c2c	48.528	9.549	60.340	39.660	
7c6d3c	48.526	9.043	58.668	41.332	
Jc4c2d	48.523	9.333	61.835	38.165	
7c3c2c	48.521	9.129	25.806	74.194	
Th9d7c	48.521	8.323	45.015	54.985	
Jh5d3c	48.516	9.305	65.378	34.622	
TdTh3c	48.514	9.902	71.069	28.931	
Tc7c6d	48.498	8.505	50.690	49.310	
6c4c3d	48.497	9.601	59.047	40.953	
8c5d2c	48.497	9.493	59.401	40.599	
Th9d5c	48.494	8.714	53.143	46.857	
6c4d3c	48.493	9.581	58.769	41.231	
Jc3d2c	48.492	9.249	60.456	39.544	
8c4c3d	48.491	9.497	59.995	40.005	
Td5c4c	48.490	9.148	60.030	39.970	
8d7c6c	48.487	8.166	42.524	57.476	
8c4d3c	48.486	9.479	59.745	40.255	
Jc6d2c	48.486	9.194	59.216	40.784	
Td7c4c	48.479	8.812	55.733	44.267	
Th8d4c	48.479	9.163	59.855	40.145	
4d4c2c	48.478	10.482	65.094	34.906	
Tc7d3c	48.477	8.875	55.958	44.042	
Jd9c2c	48.477	8.792	49.573	50.427	
9c5c2d	48.477	9.470	62.038	37.962	
Jh6d3c	48.475	9.189	63.424	36.576	
Td6c5c	48.473	8.985	58.744	41.256	
5d5h2c	48.471	10.618	69.901	30.099	
8h6d3c	48.469	9.540	61.392	38.608	
8c7c6d	48.466	8.158	41.852	58.148	
8h5d3c	48.465	9.551	60.061	39.939	
Tc7c3d	48.458	8.862	56.191	43.809	
7c4c3d	48.458	9.258	60.127	39.873	
4h3d3c	48.457	10.746	59.983	40.017	
Jh4d3c	48.456	9.351	66.765	33.235	
7c4d3c	48.454	9.244	59.835	40.165	
Jc7c2d	48.452	8.829	55.455	44.545	
Td8c3c	48.449	8.943	54.095	45.905	
Th9d3c	48.449	8.779	52.111	47.889	
Jd8c7c	48.443	7.928	40.781	59.219	
4d4h3c	48.442	10.631	62.458	37.542	
6d6c2c	48.424	10.405	65.319	34.681	
Td6c4c	48.422	9.149	60.611	39.389	
6c3c2c	48.418	9.176	25.220	74.780	
8c5c2d	48.414	9.484	59.747	40.253	
9h4d3c	48.413	9.566	61.832	38.168	
Td8c7c	48.411	8.254	45.975	54.025	
Tc9d8c	48.402	8.093	32.190	67.810	
Tc5c3d	48.399	9.347	63.107	36.893	
Jd4c2c	48.393	9.177	58.822	41.178	
9c7d2c	48.393	9.077	55.959	44.041	
Jd8c2c	48.388	8.710	49.630	50.370	
7h5d3c	48.378	9.520	59.237	40.763	
7h6d3c	48.378	9.125	59.576	40.424	
Jc6c2d	48.375	9.146	59.050	40.950	
Tc6c3d	48.375	9.179	60.656	39.344	
Jc3c2d	48.368	9.176	59.201	40.799	
Tc5d3c	48.364	9.256	61.023	38.977	
9c7c2d	48.362	9.060	56.493	43.507	
Tc6d3c	48.362	9.159	59.924	40.076	
6h5d4c	48.357	9.114	61.607	38.393	
6d5c3c	48.357	9.401	59.111	40.889	
6d5c2c	48.355	9.741	62.700	37.300	
6c5c3d	48.354	9.376	58.670	41.330	
9d7c2c	48.351	9.048	55.773	44.227	
8h7d6c	48.347	8.172	49.681	50.319	
Tc9d2c	48.346	8.791	53.249	46.751	
Th8d5c	48.340	9.012	59.890	40.110	
Jc9c8d	48.336	7.965	31.293	68.707	
9c6d2c	48.336	9.257	59.627	40.373	
Tc4c3d	48.335	9.340	62.950	37.050	
3d3c2c	48.334	10.447	61.874	38.126	
9c8d2c	48.332	8.840	52.854	47.146	
Tc4d3c	48.331	9.315	62.426	37.574	
Jd7c2c	48.325	8.719	51.957	48.043	
6c5d2c	48.325	9.688	61.806	38.194	
9c4d2c	48.325	9.396	59.751	40.249	
9d6c2c	48.319	9.252	58.991	41.009	
9d8c2c	48.318	8.826	52.749	47.251	
6c5d3c	48.317	9.355	58.200	41.800	
Tc9c8d	48.315	8.021	29.605	70.395	
Td7c6c	48.307	8.330	47.569	52.431	
7d5c2c	48.299	9.601	60.106	39.894	
Th7d4c	48.299	8.898	59.671	40.329	
9d4c2c	48.298	9.389	59.203	40.797	
Jh8d7c	48.280	7.909	39.952	60.048	
6h4d3c	48.277	9.658	59.946	40.054	
Th8d7c	48.275	8.314	46.647	53.353	
8h4d3c	48.271	9.580	59.909	40.091	
7h4d3c	48.270	9.338	61.511	38.489	
QdQh2c	48.267	9.776	69.156	30.844	
8c4d2c	48.264	9.435	59.132	40.868	
8d4c2c	48.263	9.438	59.204	40.796	
JdJh2c	48.262	9.802	70.434	29.566	
TdTc2c	48.260	9.584	68.578	31.422	
Tc9c2d	48.260	8.690	52.575	47.425	
Td7c3c	48.259	8.712	52.513	47.487	
8d6c2c	48.255	9.356	57.955	42.045	
Jh5d2c	48.252	9.357	64.786	35.214	
Th8d3c	48.251	9.078	57.251	42.749	
6c5c2d	48.250	9.639	61.868	38.132	
Jd6c2c	48.245	9.014	55.139	44.861	
8c6d2c	48.245	9.348	57.857	42.143	
Jd3c2c	48.241	9.033	56.749	43.251	
7c5c2d	48.241	9.570	59.793	40.207	
9h5d2c	48.241	9.572	61.301	38.699	
7c5d2c	48.238	9.529	59.122	40.878	
9c2d2c	48.237	9.775	59.037	40.963	
Jc9d8c	48.235	7.906	31.027	68.973	
9c6c2d	48.234	9.204	59.269	40.731	
Tc8c2d	48.224	9.063	57.034	42.966	
Td4c3c	48.222	9.197	59.937	40.063	
Tc5d2c	48.222	9.332	60.755	39.245	
9c3d2c	48.218	9.265	58.065	41.935	
9c8c2d	48.216	8.736	52.122	47.878	
9c4c2d	48.215	9.342	59.291	40.709	
2d2c2h	48.214	10.986	56.517	43.483	
Th7d5c	48.213	8.867	61.054	38.946	
Jh2d2c	48.210	10.074	63.306	36.694	
Th5d4c	48.209	9.290	65.162	34.838	
8c7d2c	48.207	8.870	53.144	46.856	
Td5c3c	48.202	9.152	58.762	41.238	
8h5d2c	48.195	9.563	59.484	40.516	
8c6c2d	48.191	9.323	57.772	42.228	
8d7c2c	48.191	8.859	53.127	46.873	
4h3d2c	48.191	9.290	62.303	37.697	
9d3c2c	48.187	9.240	57.333	42.667	
Td9c2c	48.185	8.655	51.849	48.151	
Tc8d2c	48.183	9.035	56.073	43.927	
Th6d5c	48.182	9.102	66.778	33.222	
9c8d7c	48.177	7.887	33.168	66.832	
Th6d4c	48.175	9.276	64.128	35.872	
Td6c3c	48.172	9.006	56.204	43.796	
8c4c2d	48.154	9.378	58.623	41.377	
4d4h2c	48.145	10.688	62.493	37.507	
Th7d6c	48.135	8.362	51.925	48.075	
Tc5c2d	48.132	9.351	61.818	38.182	
7d4c2c	48.119	9.422	58.542	41.458	
9c8c7d	48.114	7.834	31.432	68.568	
Td9c8c	48.112	7.883	26.605	73.395	
9c3c2d	48.102	9.190	57.223	42.777	
6h5d3c	48.094	9.417	58.948	41.052	
5c2d2c	48.094	10.324	60.838	39.162	
Jh9d2c	48.092	8.800	53.552	46.448	
8c2d2c	48.092	9.803	58.429	41.571	
7c4d2c	48.092	9.406	58.067	41.933	
Th7d3c	48.088	8.791	55.888	44.112	
9d8c7c	48.087	7.809	30.825	69.175	
9h7d2c	48.085	9.122	59.764	40.236	
6d6h2c	48.085	10.675	63.933	36.067	
8c7c2d	48.075	8.747	52.259	47.741	
8c3d2c	48.074	9.293	56.681	43.319	
8d3c2c	48.068	9.281	56.367	43.633	
Td5c2c	48.053	9.230	58.183	41.817	
7d6c2c	48.046	9.162	56.754	43.246	
Jh8d2c	48.037	8.711	53.704	46.296	
9h8d2c	48.031	8.817	55.119	44.881	
Tc4d2c	48.021	9.280	60.870	39.130	
Jh4d2c	48.020	9.266	63.976	36.024	
3d3h2c	48.017	10.622	58.074	41.926	
7c6d2c	48.008	9.142	56.371	43.629	
9h6d2c	48.006	9.320	60.212	39.788	
Jh7d2c	48.003	8.744	56.905	43.095	
Tc7d2c	48.002	8.819	54.931	45.069	
9h2d2c	47.997	10.019	58.024	41.976	
Td8c2c	47.997	8.880	53.399	46.601	
Tc2d2c	47.993	9.747	60.840	39.160	
6h5d2c	47.983	9.751	61.020	38.980	
9h4d2c	47.981	9.447	59.421	40.579	
7c4c2d	47.981	9.346	57.764	42.236	
Jd9c8c	47.969	7.709	25.395	74.605	
8c3c2d	47.959	9.218	55.815	44.185	
7d3c2c	47.938	9.276	56.498	43.502	
8h4d2c	47.934	9.442	57.135	42.865	
Th6d3c	47.929	9.133	60.138	39.862	
7c2d2c	47.922	9.768	56.881	43.119	
7h5d2c	47.920	9.594	57.380	42.620	
8h6d2c	47.920	9.410	59.778	40.222	
7c3d2c	47.915	9.276	56.462	43.538	
9h8d7c	47.915	7.790	43.076	56.924	
8h7d2c	47.912	8.856	58.210	41.790	
7c6c2d	47.910	9.042	55.732	44.268	
Th5d3c	47.908	9.233	61.029	38.971	
Tc4c2d	47.903	9.229	60.193	39.807	
Tc6d2c	47.898	9.121	59.218	40.782	
9h3d2c	47.887	9.284	57.459	42.541	
Tc3d2c	47.887	9.142	58.191	41.809	
Jh3d2c	47.887	9.112	61.704	38.296	
6d4c2c	47.877	9.557	59.568	40.432	
Th9d8c	47.874	7.856	34.863	65.137	
6c4d2c	47.874	9.556	59.220	40.780	
Th4d3c	47.866	9.269	61.190	38.810	
Tc7c2d	47.859	8.733	54.199	45.801	
4c2d2c	47.858	10.162	58.633	41.367	
Jh6d2c	47.849	9.074	60.186	39.814	
8h2d2c	47.848	10.025	57.279	42.721	
TdTh2c	47.834	9.762	69.606	30.394	
Td4c2c	47.827	9.117	57.226	42.774	
Th9d2c	47.826	8.628	50.976	49.024	
7c3c2d	47.800	9.200	55.612	44.388	
Tc6c2d	47.788	9.068	58.903	41.097	
Td7c2c	47.787	8.660	51.371	48.629	
6c2d2c	47.779	10.085	58.154	41.846	
5h2d2c	47.773	10.429	56.695	43.305	
7h4d2c	47.770	9.409	54.645	45.355	
6c4c2d	47.765	9.504	58.622	41.378	
Tc3c2d	47.764	9.067	56.946	43.054	
8h3d2c	47.745	9.291	55.170	44.830	
3c2d2c	47.744	9.939	56.109	43.891	
Td6c2c	47.710	8.974	55.556	44.444	
Td3c2c	47.689	8.968	54.618	45.382	
7h6d2c	47.689	9.158	58.782	41.218	
7h2d2c	47.686	9.981	55.650	44.350	
6c3d2c	47.683	9.309	58.676	41.324	
6d3c2c	47.682	9.296	58.497	41.503	
Jh9d8c	47.672	7.673	32.627	67.373	
Th5d2c	47.637	9.275	60.028	39.972	
Th8d2c	47.631	8.919	55.357	44.643	
7h3d2c	47.594	9.274	52.480	47.520	
6c3c2d	47.570	9.238	57.901	42.099	
Th2d2c	47.542	9.875	57.797	42.203	
4h2d2c	47.541	10.251	52.998	47.002	
6h4d2c	47.484	9.531	54.908	45.092	
6h2d2c	47.453	10.252	54.773	45.227	
3h2d2c	47.452	10.031	51.088	48.912	
Th7d2c	47.443	8.656	55.251	44.749	
Th4d2c	47.426	9.167	58.021	41.979	
Th3d2c	47.307	9.005	56.475	43.525	
Th6d2c	47.296	9.008	57.470	42.530	
6h3d2c	47.288	9.300	57.121	42.879	